1755615881910 96.59304809570312 0
1755615882099 93.63223266601562 1
1755615882300 91.05101776123047 2
1755615882507 89.96730041503906 3
1755615882716 89.34005737304688 4
1755615882924 88.89269256591797 5
1755615883134 88.45360565185547 6
1755615883341 88.04542541503906 7
1755615883549 87.67017364501953 8
1755615883759 87.30883026123047 9
1755615883980 86.9682846069336 10
1755615884216 86.6199951171875 11
1755615884436 86.25227355957031 12
1755615884639 85.90288543701172 13
1755615884861 85.55562591552734 14
1755615885076 85.21333312988281 15
1755615885292 84.85511779785156 16
1755615885505 84.55430603027344 17
1755615885716 84.20928955078125 18
1755615885951 83.89867401123047 19
1755615886169 83.54379272460938 20
1755615886389 83.23716735839844 21
1755615886619 82.89771270751953 22
1755615886848 82.59202575683594 23
1755615887080 82.29957580566406 24
1755615887310 81.97810363769531 25
1755615887540 81.6634521484375 26
1755615887772 81.3260269165039 27
1755615888005 81.01593017578125 28
1755615888237 80.72496032714844 29
1755615888465 80.43277740478516 30
1755615888697 80.1009750366211 31
1755615888924 79.7962417602539 32
1755615889146 79.47872924804688 33
1755615889383 79.18426513671875 34
1755615889611 78.90885925292969 35
1755615889847 78.57887268066406 36
1755615890079 78.30060577392578 37
1755615890306 77.96371459960938 38
1755615890539 77.69266510009766 39
1755615890773 77.40655517578125 40
1755615891006 77.08526611328125 41
1755615891237 76.8308334350586 42
1755615891481 76.51007080078125 43
1755615891716 76.224853515625 44
1755615891952 75.94564056396484 45
1755615892187 75.69234466552734 46
1755615892427 75.38373565673828 47
1755615892666 75.07837677001953 48
1755615892911 74.81307220458984 49
1755615893146 74.56090545654297 50
1755615893390 74.29715728759766 51
1755615893749 74.0425796508789 52
1755615894083 73.70372772216797 53
1755615894319 73.4725112915039 54
1755615894559 73.25040435791016 55
1755615894800 72.90625762939453 56
1755615895038 72.67850494384766 57
1755615895271 72.4682388305664 58
1755615895514 72.16572570800781 59
1755615895758 71.91404724121094 60
1755615896009 71.64069366455078 61
1755615896250 71.40999603271484 62
1755615896498 71.1533432006836 63
1755615896746 70.83586120605469 64
1755615896994 70.66329193115234 65
1755615897237 70.38494873046875 66
1755615897484 70.14360809326172 67
1755615897730 69.89055633544922 68
1755615897983 69.6560287475586 69
1755615898239 69.4115982055664 70
1755615898486 69.21378326416016 71
1755615898729 68.95172882080078 72
1755615898980 68.6936264038086 73
1755615899229 68.45138549804688 74
1755615899478 68.22533416748047 75
1755615899729 67.99639129638672 76
1755615899986 67.81854248046875 77
1755615900249 67.57366180419922 78
1755615900514 67.36286926269531 79
1755615900764 67.1260757446289 80
1755615901028 66.89393615722656 81
1755615901283 66.68285369873047 82
1755615901542 66.43484497070312 83
1755615901799 66.16715240478516 84
1755615902057 66.00984191894531 85
1755615902319 65.74758911132812 86
1755615902589 65.55056762695312 87
1755615902854 65.32730865478516 88
1755615903115 65.10116577148438 89
1755615903377 64.87675476074219 90
1755615903701 64.70472717285156 91
1755615903986 64.46658325195312 92
1755615904250 64.26801300048828 93
1755615904521 64.04183959960938 94
1755615904802 63.88042068481445 95
1755615905090 63.701202392578125 96
1755615905368 63.46601867675781 97
1755615905646 63.24049377441406 98
1755615905917 63.0866813659668 99
1755615881910 96.59304809570312 0
