1755615881924 325584288.0 0
1755615882119 253163568.0 1
1755615882320 209229504.0 2
1755615882527 192616912.0 3
1755615882737 182215360.0 4
1755615882945 170602688.0 5
1755615883154 166825712.0 6
1755615883362 160402048.0 7
1755615883569 155315024.0 8
1755615883782 150833248.0 9
1755615884002 149122992.0 10
1755615884243 138722128.0 11
1755615884457 136965536.0 12
1755615884667 133911800.0 13
1755615884883 130011888.0 14
1755615885099 127453576.0 15
1755615885316 122373664.0 16
1755615885525 116852824.0 17
1755615885737 115660600.0 18
1755615885965 112606576.0 19
1755615886187 107078456.0 20
1755615886417 107496792.0 21
1755615886639 101005832.0 22
1755615886875 100674592.0 23
1755615887105 94586232.0 24
1755615887334 92826168.0 25
1755615887563 89034032.0 26
1755615887792 89344064.0 27
1755615888028 86368424.0 28
1755615888261 81942496.0 29
1755615888486 79783416.0 30
1755615888716 77347024.0 31
1755615888945 76216576.0 32
1755615889175 72803568.0 33
1755615889406 70717288.0 34
1755615889635 66756536.0 35
1755615889868 68830640.0 36
1755615890102 65671780.0 37
1755615890327 61423828.0 38
1755615890564 62326688.0 39
1755615890792 60533040.0 40
1755615891028 56788632.0 41
1755615891261 53798068.0 42
1755615891504 54550096.0 43
1755615891737 56639876.0 44
1755615891974 52403100.0 45
1755615892208 49937704.0 46
1755615892450 49716272.0 47
1755615892694 46193820.0 48
1755615892934 47181416.0 49
1755615893176 45681412.0 50
1755615893410 42778428.0 51
1755615893785 44051068.0 52
1755615894104 42158916.0 53
1755615894341 39029184.0 54
1755615894583 41825664.0 55
1755615894822 37081336.0 56
1755615895062 35270876.0 57
1755615895300 33866412.0 58
1755615895539 33629640.0 59
1755615895783 33781568.0 60
1755615896033 32203892.0 61
1755615896279 31928716.0 62
1755615896523 30085958.0 63
1755615896771 29467170.0 64
1755615897019 28945016.0 65
1755615897264 27164362.0 66
1755615897500 27268934.0 67
1755615897760 27134558.0 68
1755615898006 24675608.0 69
1755615898263 25398376.0 70
1755615898506 25848680.0 71
1755615898756 24197126.0 72
1755615899005 22164590.0 73
1755615899250 21340330.0 74
1755615899503 20195436.0 75
1755615899750 19630152.0 76
1755615900013 20038482.0 77
1755615900279 19587596.0 78
1755615900541 17591168.0 79
1755615900792 18286290.0 80
1755615901049 17166750.0 81
1755615901306 17063876.0 82
1755615901567 16574770.0 83
1755615901820 17396572.0 84
1755615902083 15297125.0 85
1755615902343 15202102.0 86
1755615902616 14931111.0 87
1755615902880 13944493.0 88
1755615903139 15148182.0 89
1755615903403 13088571.0 90
1755615903732 13111773.0 91
1755615904017 13217317.0 92
1755615904278 12924202.0 93
1755615904542 12068652.0 94
1755615904833 11905221.0 95
1755615905118 11785770.0 96
1755615905396 11317117.0 97
1755615905673 11107632.0 98
1755615905944 9890676.0 99
1755615881924 325584288.0 0
