1755615881964 13355.134765625 0
1755615882160 12767.517578125 1
1755615882361 12257.8564453125 2
1755615882569 12043.548828125 3
1755615882780 11917.494140625 4
1755615882986 11828.400390625 5
1755615883196 11742.3359375 6
1755615883404 11659.6611328125 7
1755615883612 11585.4228515625 8
1755615883826 11514.533203125 9
1755615884043 11446.5947265625 10
1755615884285 11375.1572265625 11
1755615884497 11302.591796875 12
1755615884712 11233.8623046875 13
1755615884924 11164.21484375 14
1755615885139 11097.798828125 15
1755615885358 11024.669921875 16
1755615885569 10964.2412109375 17
1755615885785 10897.0556640625 18
1755615886014 10835.00390625 19
1755615886236 10763.4140625 20
1755615886461 10702.49609375 21
1755615886687 10635.5537109375 22
1755615886917 10573.1611328125 23
1755615887146 10518.0126953125 24
1755615887380 10451.7509765625 25
1755615887605 10390.482421875 26
1755615887839 10319.951171875 27
1755615888081 10261.7529296875 28
1755615888306 10202.484375 29
1755615888537 10144.939453125 30
1755615888764 10077.923828125 31
1755615888993 10017.8828125 32
1755615889216 9953.33203125 33
1755615889451 9891.8935546875 34
1755615889684 9839.890625 35
1755615889918 9773.7900390625 36
1755615890146 9715.6982421875 37
1755615890376 9649.755859375 38
1755615890605 9596.9130859375 39
1755615890841 9535.8037109375 40
1755615891076 9473.7490234375 41
1755615891306 9421.287109375 42
1755615891549 9357.4404296875 43
1755615891788 9301.7880859375 44
1755615892021 9243.87109375 45
1755615892259 9191.677734375 46
1755615892499 9131.4794921875 47
1755615892743 9072.125 48
1755615892982 9020.52734375 49
1755615893223 8967.8447265625 50
1755615893463 8915.158203125 51
1755615893864 8862.134765625 52
1755615894154 8796.5732421875 53
1755615894388 8748.2431640625 54
1755615894625 8702.95703125 55
1755615894868 8637.794921875 56
1755615895105 8588.0966796875 57
1755615895347 8546.79296875 58
1755615895587 8486.0458984375 59
1755615895832 8433.9873046875 60
1755615896083 8382.6865234375 61
1755615896326 8333.587890625 62
1755615896569 8281.1767578125 63
1755615896820 8219.0615234375 64
1755615897068 8184.81591796875 65
1755615897312 8122.830078125 66
1755615897560 8078.40869140625 67
1755615897806 8030.02294921875 68
1755615898060 7980.07275390625 69
1755615898313 7926.185546875 70
1755615898559 7885.443359375 71
1755615898806 7839.62451171875 72
1755615899056 7783.07470703125 73
1755615899304 7735.044921875 74
1755615899549 7687.783203125 75
1755615899805 7643.44677734375 76
1755615900065 7603.224609375 77
1755615900335 7559.779296875 78
1755615900590 7511.5615234375 79
1755615900840 7467.16796875 80
1755615901104 7418.7744140625 81
1755615901359 7374.87744140625 82
1755615901618 7321.6953125 83
1755615901877 7269.521484375 84
1755615902136 7241.04541015625 85
1755615902400 7184.5966796875 86
1755615902667 7144.78515625 87
1755615902933 7101.21484375 88
1755615903180 7054.90966796875 89
1755615903466 7004.0322265625 90
1755615903786 6973.94189453125 91
1755615904069 6925.38232421875 92
1755615904333 6881.33349609375 93
1755615904597 6836.05078125 94
1755615904892 6802.796875 95
1755615905174 6765.10888671875 96
1755615905452 6718.875 97
1755615905722 6673.017578125 98
1755615906000 6639.14208984375 99
1755615881964 13355.134765625 0
