1755615881945 97.28219604492188 0
1755615882139 94.32109832763672 1
1755615882341 91.73979187011719 2
1755615882549 90.65620422363281 3
1755615882760 90.02885437011719 4
1755615882965 89.5810775756836 5
1755615883174 89.1425552368164 6
1755615883383 88.73417663574219 7
1755615883591 88.35877227783203 8
1755615883804 87.99730682373047 9
1755615884024 87.65708923339844 10
1755615884265 87.3088607788086 11
1755615884477 86.94133758544922 12
1755615884687 86.59208679199219 13
1755615884904 86.24457550048828 14
1755615885119 85.90220642089844 15
1755615885337 85.54367065429688 16
1755615885546 85.24365997314453 17
1755615885764 84.89830017089844 18
1755615885986 84.58767700195312 19
1755615886208 84.23262786865234 20
1755615886438 83.9264907836914 21
1755615886667 83.58638000488281 22
1755615886898 83.28052520751953 23
1755615887125 82.98835754394531 24
1755615887358 82.66666412353516 25
1755615887586 82.3521728515625 26
1755615887817 82.01498413085938 27
1755615888049 81.70500183105469 28
1755615888284 81.41365051269531 29
1755615888514 81.12115478515625 30
1755615888737 80.78972625732422 31
1755615888965 80.4848861694336 32
1755615889197 80.16744232177734 33
1755615889424 79.87264251708984 34
1755615889657 79.59754943847656 35
1755615889889 79.26771545410156 36
1755615890125 78.98902130126953 37
1755615890348 78.65220642089844 38
1755615890586 78.38182830810547 39
1755615890819 78.09539031982422 40
1755615891051 77.77438354492188 41
1755615891284 77.51954650878906 42
1755615891527 77.19901275634766 43
1755615891764 76.91370391845703 44
1755615891998 76.63532257080078 45
1755615892230 76.38138580322266 46
1755615892475 76.07282257080078 47
1755615892716 75.76720428466797 48
1755615892958 75.50189971923828 49
1755615893199 75.24957275390625 50
1755615893438 74.98600006103516 51
1755615893827 74.73155212402344 52
1755615894126 74.39273834228516 53
1755615894366 74.16126251220703 54
1755615894604 73.939453125 55
1755615894841 73.59529113769531 56
1755615895086 73.36715698242188 57
1755615895320 73.1574478149414 58
1755615895563 72.85443115234375 59
1755615895806 72.60295867919922 60
1755615896058 72.32947540283203 61
1755615896303 72.09905242919922 62
1755615896542 71.84223937988281 63
1755615896795 71.52445983886719 64
1755615897042 71.35208129882812 65
1755615897285 71.0738525390625 66
1755615897535 70.83187866210938 67
1755615897784 70.57933807373047 68
1755615898028 70.34459686279297 69
1755615898285 70.10023498535156 70
1755615898535 69.9024658203125 71
1755615898781 69.64033508300781 72
1755615899028 69.38223266601562 73
1755615899280 69.14025115966797 74
1755615899528 68.91392517089844 75
1755615899780 68.68509674072266 76
1755615900041 68.50688171386719 77
1755615900306 68.26251220703125 78
1755615900565 68.05147552490234 79
1755615900819 67.81480407714844 80
1755615901079 67.58277893066406 81
1755615901335 67.37190246582031 82
1755615901593 67.12352752685547 83
1755615901847 66.85548400878906 84
1755615902104 66.69841003417969 85
1755615902369 66.4365463256836 86
1755615902639 66.23954010009766 87
1755615902907 66.01605224609375 88
1755615903167 65.78999328613281 89
1755615903431 65.56531524658203 90
1755615903761 65.39374542236328 91
1755615904042 65.15494537353516 92
1755615904306 64.95680236816406 93
1755615904570 64.73047637939453 94
1755615904862 64.569091796875 95
1755615905146 64.39019012451172 96
1755615905424 64.15425109863281 97
1755615905699 63.92998504638672 98
1755615905972 63.77499008178711 99
1755615881945 97.28219604492188 0
