1755615881983 115.56441497802734 0
1755615882181 112.99343872070312 1
1755615882383 110.71520233154297 2
1755615882591 109.74310302734375 3
1755615882801 109.16727447509766 4
1755615883007 108.75845336914062 5
1755615883216 108.362060546875 6
1755615883424 107.97991180419922 7
1755615883633 107.63560485839844 8
1755615883848 107.30579376220703 9
1755615884067 106.98876190185547 10
1755615884306 106.65438079833984 11
1755615884514 106.31364440917969 12
1755615884730 105.98991394042969 13
1755615884945 105.66085052490234 14
1755615885165 105.3460922241211 15
1755615885378 104.99842834472656 16
1755615885591 104.71027374267578 17
1755615885806 104.38896179199219 18
1755615886035 104.09132385253906 19
1755615886259 103.74687194824219 20
1755615886484 103.45286560058594 21
1755615886716 103.12882232666016 22
1755615886938 102.82587432861328 23
1755615887174 102.55736541748047 24
1755615887403 102.23380279541016 25
1755615887625 101.9337158203125 26
1755615887864 101.587158203125 27
1755615888104 101.30030822753906 28
1755615888327 101.0073471069336 29
1755615888560 100.72209167480469 30
1755615888784 100.38886260986328 31
1755615889016 100.08937072753906 32
1755615889243 99.76638793945312 33
1755615889474 99.45800018310547 34
1755615889708 99.19622039794922 35
1755615889938 98.86248016357422 36
1755615890166 98.56824493408203 37
1755615890400 98.23316955566406 38
1755615890633 97.96383666992188 39
1755615890865 97.65144348144531 40
1755615891099 97.33318328857422 41
1755615891327 97.06331634521484 42
1755615891569 96.7338638305664 43
1755615891806 96.4457778930664 44
1755615892042 96.14505004882812 45
1755615892283 95.87323760986328 46
1755615892523 95.55877685546875 47
1755615892764 95.2477035522461 48
1755615893006 94.97645568847656 49
1755615893246 94.6987075805664 50
1755615893496 94.42011260986328 51
1755615893900 94.13890838623047 52
1755615894177 93.79004669189453 53
1755615894409 93.53204345703125 54
1755615894655 93.28964233398438 55
1755615894892 92.93973541259766 56
1755615895133 92.67198181152344 57
1755615895368 92.44886779785156 58
1755615895605 92.11973571777344 59
1755615895857 91.83674621582031 60
1755615896104 91.55701446533203 61
1755615896348 91.28849029541016 62
1755615896598 91.00096893310547 63
1755615896840 90.65904235839844 64
1755615897090 90.469970703125 65
1755615897338 90.12674713134766 66
1755615897584 89.87996673583984 67
1755615897834 89.61039733886719 68
1755615898087 89.33125305175781 69
1755615898338 89.02912902832031 70
1755615898584 88.80001831054688 71
1755615898827 88.54165649414062 72
1755615899080 88.22173309326172 73
1755615899326 87.94910430908203 74
1755615899578 87.68000793457031 75
1755615899826 87.42681121826172 76
1755615900090 87.19647216796875 77
1755615900361 86.94699096679688 78
1755615900615 86.66926574707031 79
1755615900867 86.41277313232422 80
1755615901125 86.13230895996094 81
1755615901386 85.87710571289062 82
1755615901639 85.56690216064453 83
1755615901902 85.26148986816406 84
1755615902162 85.09432983398438 85
1755615902428 84.76200103759766 86
1755615902680 84.5268325805664 87
1755615902960 84.26870727539062 88
1755615903215 83.9935073852539 89
1755615903496 83.69009399414062 90
1755615903819 83.5101318359375 91
1755615904097 83.21887969970703 92
1755615904361 82.95380401611328 93
1755615904629 82.68041229248047 94
1755615904923 82.47907257080078 95
1755615905202 82.25028228759766 96
1755615905479 81.96874237060547 97
1755615905750 81.68853759765625 98
1755615906028 81.4809341430664 99
1755615881983 115.56441497802734 0
