1755603062141 95.83325958251953 0
1755603062329 91.44112396240234 1
1755603062530 89.05123901367188 2
1755603062732 87.44709777832031 3
1755603062933 86.4404525756836 4
1755603063158 85.56204223632812 5
1755603063363 84.79894256591797 6
1755603063572 84.0874252319336 7
1755603063766 83.4469223022461 8
1755603063974 82.78235626220703 9
1755603064177 82.20075988769531 10
1755603064379 81.58992004394531 11
1755603064585 80.9199447631836 12
1755603064787 80.32940673828125 13
1755603064995 79.74192810058594 14
1755603065204 79.17159271240234 15
1755603065412 78.58312225341797 16
1755603065624 78.02088928222656 17
1755603065831 77.46138000488281 18
1755603066037 76.92525482177734 19
1755603066253 76.38516235351562 20
1755603066466 75.8310317993164 21
1755603066676 75.3082504272461 22
1755603066884 74.79290771484375 23
1755603067098 74.29190063476562 24
1755603067308 73.79619598388672 25
1755603067523 73.22563934326172 26
1755603067738 72.79065704345703 27
1755603067962 72.33413696289062 28
1755603068183 71.83137512207031 29
1755603068405 71.32129669189453 30
1755603068627 70.8821792602539 31
1755603068859 70.42096710205078 32
1755603069082 69.95834350585938 33
1755603069307 69.51386260986328 34
1755603069523 69.02622985839844 35
1755603069753 68.54782104492188 36
1755603069980 68.10076904296875 37
1755603070204 67.72945404052734 38
1755603070434 67.24909973144531 39
1755603070661 66.85958862304688 40
1755603070884 66.39543914794922 41
1755603071116 66.00446319580078 42
1755603071343 65.60333251953125 43
1755603071579 65.19303894042969 44
1755603071807 64.80032348632812 45
1755603072044 64.44551086425781 46
1755603072277 64.03807067871094 47
1755603072510 63.665775299072266 48
1755603072738 63.25141906738281 49
1755603072977 62.934547424316406 50
1755603073210 62.53351593017578 51
1755603073445 62.2429313659668 52
1755603073680 61.79408264160156 53
1755603073914 61.49563980102539 54
1755603074148 61.12904739379883 55
1755603074391 60.799766540527344 56
1755603074627 60.489234924316406 57
1755603074863 60.11957550048828 58
1755603075099 59.790836334228516 59
1755603075336 59.499534606933594 60
1755603075576 59.16172409057617 61
1755603075816 58.88578414916992 62
1755603076060 58.581886291503906 63
1755603076302 58.294044494628906 64
1755603076542 58.0062255859375 65
1755603076785 57.78186798095703 66
1755603077031 57.441986083984375 67
1755603077279 57.17485809326172 68
1755603077530 56.91545486450195 69
1755603077779 56.64208984375 70
1755603078029 56.42417907714844 71
1755603078275 56.234737396240234 72
1755603078523 56.007022857666016 73
1755603078781 55.71391677856445 74
1755603079033 55.50142288208008 75
1755603079283 55.27147674560547 76
1755603079533 55.01971435546875 77
1755603079779 54.85230255126953 78
1755603080022 54.66131591796875 79
1755603080295 54.42671585083008 80
1755603080562 54.19931411743164 81
1755603080819 54.034976959228516 82
1755603081079 53.84719467163086 83
1755603081335 53.70473098754883 84
1755603081594 53.51108169555664 85
1755603081850 53.28778839111328 86
1755603082105 53.13397979736328 87
1755603082363 53.01741027832031 88
1755603082625 52.87881851196289 89
1755603082882 52.70015335083008 90
1755603083141 52.57569122314453 91
1755603083405 52.421146392822266 92
1755603083668 52.324867248535156 93
1755603083925 52.176002502441406 94
1755603084183 52.0131721496582 95
1755603084440 51.930747985839844 96
1755603084701 51.84632110595703 97
1755603084960 51.710819244384766 98
1755603085224 51.65269470214844 99
1755603062141 95.83325958251953 0
