1755603062158 311590368.0 0
1755603062350 217401232.0 1
1755603062545 176034928.0 2
1755603062753 154246432.0 3
1755603062971 140210656.0 4
1755603063178 130893712.0 5
1755603063384 121610688.0 6
1755603063586 113855600.0 7
1755603063787 108242904.0 8
1755603063995 101263448.0 9
1755603064197 94809224.0 10
1755603064401 88473392.0 11
1755603064606 84601656.0 12
1755603064808 79759752.0 13
1755603065016 73953584.0 14
1755603065224 70722208.0 15
1755603065433 65134964.0 16
1755603065641 63573780.0 17
1755603065852 60233608.0 18
1755603066061 57070636.0 19
1755603066275 53897312.0 20
1755603066487 48473432.0 21
1755603066698 47677940.0 22
1755603066908 45340976.0 23
1755603067120 43858844.0 24
1755603067331 40740276.0 25
1755603067544 37505460.0 26
1755603067763 35910988.0 27
1755603067981 34850140.0 28
1755603068204 32449146.0 29
1755603068426 30895016.0 30
1755603068656 29248480.0 31
1755603068877 27337526.0 32
1755603069105 25005198.0 33
1755603069330 24332396.0 34
1755603069552 23473136.0 35
1755603069775 21903552.0 36
1755603070002 20513032.0 37
1755603070225 20403384.0 38
1755603070456 19213192.0 39
1755603070682 17897138.0 40
1755603070905 17081440.0 41
1755603071138 15743368.0 42
1755603071371 15017262.0 43
1755603071602 14458616.0 44
1755603071834 13317672.0 45
1755603072064 12525722.0 46
1755603072301 11459658.0 47
1755603072534 11317759.0 48
1755603072766 11312808.0 49
1755603073000 9851509.0 50
1755603073233 9423813.0 51
1755603073469 9316428.0 52
1755603073703 8797269.0 53
1755603073937 7960335.5 54
1755603074175 7639343.0 55
1755603074414 7209195.5 56
1755603074648 6890260.5 57
1755603074883 6565730.5 58
1755603075122 6259637.5 59
1755603075360 5788729.5 60
1755603075601 5468001.5 61
1755603075836 5381235.0 62
1755603076085 4932725.0 63
1755603076324 4482174.5 64
1755603076567 4246402.0 65
1755603076808 4463990.5 66
1755603077056 4224801.5 67
1755603077305 3947319.25 68
1755603077555 3725060.5 69
1755603077804 3322659.25 70
1755603078054 3100454.75 71
1755603078301 3018674.5 72
1755603078552 2794608.0 73
1755603078800 2639514.5 74
1755603079057 2591145.0 75
1755603079307 2400637.25 76
1755603079557 2280415.25 77
1755603079804 2099218.75 78
1755603080055 2066344.375 79
1755603080321 1924671.625 80
1755603080585 1867233.625 81
1755603080845 1559005.25 82
1755603081104 1662604.0 83
1755603081361 1541589.875 84
1755603081620 1519575.25 85
1755603081877 1358393.0 86
1755603082135 1345592.25 87
1755603082391 1249217.75 88
1755603082648 1214155.125 89
1755603082905 1080550.625 90
1755603083168 1031495.0 91
1755603083432 983774.1875 92
1755603083689 973795.5625 93
1755603083947 877253.625 94
1755603084207 849938.5 95
1755603084467 844926.5 96
1755603084724 722879.5625 97
1755603084986 695942.6875 98
1755603085254 699313.4375 99
1755603062158 311590368.0 0
