1755603062190 13208.3642578125 0
1755603062385 12334.9892578125 1
1755603062586 11860.5205078125 2
1755603062794 11540.69140625 3
1755603063017 11340.5341796875 4
1755603063220 11166.365234375 5
1755603063428 11012.4833984375 6
1755603063627 10875.013671875 7
1755603063831 10745.1494140625 8
1755603064035 10612.5673828125 9
1755603064239 10496.77734375 10
1755603064440 10374.0986328125 11
1755603064641 10241.9970703125 12
1755603064849 10124.1279296875 13
1755603065058 10004.7021484375 14
1755603065266 9891.0615234375 15
1755603065475 9772.310546875 16
1755603065683 9661.6787109375 17
1755603065891 9549.689453125 18
1755603066104 9444.060546875 19
1755603066319 9332.56640625 20
1755603066529 9224.0087890625 21
1755603066739 9115.6015625 22
1755603066947 9012.294921875 23
1755603067162 8914.6064453125 24
1755603067374 8812.4052734375 25
1755603067589 8698.673828125 26
1755603067809 8609.419921875 27
1755603068023 8516.3623046875 28
1755603068246 8416.435546875 29
1755603068467 8313.0390625 30
1755603068700 8227.552734375 31
1755603068925 8131.4033203125 32
1755603069148 8039.240234375 33
1755603069373 7950.33154296875 34
1755603069597 7851.5732421875 35
1755603069820 7756.09423828125 36
1755603070044 7666.3505859375 37
1755603070275 7588.28857421875 38
1755603070501 7492.35546875 39
1755603070724 7412.27685546875 40
1755603070957 7316.97900390625 41
1755603071185 7236.86767578125 42
1755603071417 7156.93408203125 43
1755603071648 7072.00634765625 44
1755603071881 6991.5859375 45
1755603072106 6916.3603515625 46
1755603072343 6833.2021484375 47
1755603072581 6758.328125 48
1755603072807 6675.2568359375 49
1755603073044 6609.0859375 50
1755603073279 6527.32861328125 51
1755603073516 6465.74755859375 52
1755603073746 6376.7353515625 53
1755603073986 6312.646484375 54
1755603074222 6236.4306640625 55
1755603074460 6170.47314453125 56
1755603074698 6107.0830078125 57
1755603074934 6028.17138671875 58
1755603075171 5960.9599609375 59
1755603075405 5902.2607421875 60
1755603075648 5829.4755859375 61
1755603075883 5772.80517578125 62
1755603076128 5709.02978515625 63
1755603076372 5647.4306640625 64
1755603076616 5585.88916015625 65
1755603076859 5539.75146484375 66
1755603077106 5470.26708984375 67
1755603077354 5414.05029296875 68
1755603077606 5360.88818359375 69
1755603077858 5301.40966796875 70
1755603078102 5254.2431640625 71
1755603078351 5212.87255859375 72
1755603078602 5154.4443359375 73
1755603078857 5103.38427734375 74
1755603079109 5056.37548828125 75
1755603079359 5009.94873046875 76
1755603079606 4956.1533203125 77
1755603079853 4915.36962890625 78
1755603080106 4872.32275390625 79
1755603080372 4822.68017578125 80
1755603080641 4780.0244140625 81
1755603080898 4739.53271484375 82
1755603081156 4699.2705078125 83
1755603081415 4662.32958984375 84
1755603081672 4622.06298828125 85
1755603081925 4579.8525390625 86
1755603082184 4535.96923828125 87
1755603082440 4510.97314453125 88
1755603082703 4471.408203125 89
1755603082960 4435.63720703125 90
1755603083222 4407.5498046875 91
1755603083485 4370.88037109375 92
1755603083745 4349.37060546875 93
1755603084002 4313.60205078125 94
1755603084261 4285.08837890625 95
1755603084520 4253.83251953125 96
1755603084779 4232.71875 97
1755603085040 4202.3837890625 98
1755603085309 4184.41845703125 99
1755603062190 13208.3642578125 0
