1755603062177 96.52196502685547 0
1755603062371 92.1297378540039 1
1755603062565 89.74014282226562 2
1755603062774 88.1361312866211 3
1755603062996 87.12943267822266 4
1755603063199 86.2509536743164 5
1755603063405 85.4879150390625 6
1755603063607 84.7762222290039 7
1755603063808 84.1358413696289 8
1755603064015 83.47140502929688 9
1755603064217 82.88983154296875 10
1755603064421 82.27864074707031 11
1755603064627 81.60862731933594 12
1755603064828 81.01829528808594 13
1755603065037 80.43029022216797 14
1755603065245 79.86076354980469 15
1755603065454 79.27176666259766 16
1755603065662 78.7092514038086 17
1755603065872 78.14952087402344 18
1755603066083 77.61407470703125 19
1755603066296 77.0740966796875 20
1755603066503 76.51969146728516 21
1755603066719 75.9972915649414 22
1755603066926 75.48165130615234 23
1755603067141 74.98101806640625 24
1755603067352 74.48477172851562 25
1755603067565 73.91463470458984 26
1755603067786 73.47929382324219 27
1755603068003 73.0224609375 28
1755603068224 72.5202407836914 29
1755603068447 72.01010131835938 30
1755603068678 71.57129669189453 31
1755603068902 71.10957336425781 32
1755603069127 70.64690399169922 33
1755603069352 70.20296478271484 34
1755603069574 69.7149429321289 35
1755603069798 69.23672485351562 36
1755603070023 68.78905487060547 37
1755603070252 68.4186782836914 38
1755603070479 67.93757629394531 39
1755603070704 67.54840087890625 40
1755603070934 67.08395385742188 41
1755603071162 66.69381713867188 42
1755603071395 66.2922134399414 43
1755603071626 65.88200378417969 44
1755603071857 65.48926544189453 45
1755603072085 65.13453674316406 46
1755603072324 64.72689819335938 47
1755603072557 64.35477447509766 48
1755603072780 63.939876556396484 49
1755603073023 63.622840881347656 50
1755603073257 63.222129821777344 51
1755603073481 62.931602478027344 52
1755603073725 62.48303985595703 53
1755603073961 62.1850700378418 54
1755603074199 61.817989349365234 55
1755603074437 61.48882293701172 56
1755603074674 61.17782211303711 57
1755603074905 60.80812454223633 58
1755603075141 60.47932434082031 59
1755603075383 60.1889762878418 60
1755603075624 59.85017776489258 61
1755603075865 59.574623107910156 62
1755603076106 59.270286560058594 63
1755603076343 58.98298263549805 64
1755603076586 58.69493865966797 65
1755603076834 58.47040939331055 66
1755603077081 58.13042068481445 67
1755603077328 57.863285064697266 68
1755603077581 57.603981018066406 69
1755603077833 57.3306770324707 70
1755603078078 57.113059997558594 71
1755603078326 56.924034118652344 72
1755603078577 56.696048736572266 73
1755603078828 56.40264129638672 74
1755603079083 56.19026565551758 75
1755603079332 55.95970153808594 76
1755603079581 55.70812225341797 77
1755603079828 55.54111862182617 78
1755603080081 55.350318908691406 79
1755603080342 55.11550521850586 80
1755603080613 54.88852310180664 81
1755603080871 54.72348403930664 82
1755603081120 54.535736083984375 83
1755603081377 54.3932991027832 84
1755603081641 54.19982147216797 85
1755603081903 53.97647476196289 86
1755603082159 53.823204040527344 87
1755603082417 53.70612335205078 88
1755603082677 53.56830978393555 89
1755603082933 53.38938903808594 90
1755603083196 53.264251708984375 91
1755603083457 53.109893798828125 92
1755603083720 53.01350784301758 93
1755603083978 52.8648681640625 94
1755603084234 52.70207214355469 95
1755603084487 52.61937713623047 96
1755603084753 52.53492736816406 97
1755603085013 52.39958190917969 98
1755603085281 52.34136962890625 99
1755603062177 96.52196502685547 0
