1755603062213 114.92765045166016 0
1755603062406 111.06299591064453 1
1755603062607 108.90601348876953 2
1755603062815 107.4276123046875 3
1755603063038 106.491943359375 4
1755603063239 105.6710205078125 5
1755603063447 104.94038391113281 6
1755603063649 104.28333282470703 7
1755603063853 103.6588134765625 8
1755603064055 103.01731872558594 9
1755603064259 102.45378112792969 10
1755603064462 101.85331726074219 11
1755603064662 101.20275115966797 12
1755603064870 100.61872863769531 13
1755603065078 100.02350616455078 14
1755603065287 99.45381927490234 15
1755603065495 98.85499572753906 16
1755603065704 98.29383850097656 17
1755603065914 97.7225112915039 18
1755603066124 97.18055725097656 19
1755603066336 96.60520935058594 20
1755603066551 96.04170227050781 21
1755603066761 95.47566223144531 22
1755603066968 94.93310546875 23
1755603067183 94.41719055175781 24
1755603067392 93.8744125366211 25
1755603067606 93.26667785644531 26
1755603067831 92.78695678710938 27
1755603068044 92.28414154052734 28
1755603068273 91.74113464355469 29
1755603068496 91.17586517333984 30
1755603068723 90.70585632324219 31
1755603068947 90.1742935180664 32
1755603069172 89.66181182861328 33
1755603069392 89.16463470458984 34
1755603069619 88.60910034179688 35
1755603069843 88.06868743896484 36
1755603070071 87.55770111083984 37
1755603070297 87.11078643798828 38
1755603070523 86.55839538574219 39
1755603070746 86.0945816040039 40
1755603070979 85.53934478759766 41
1755603071204 85.06977844238281 42
1755603071440 84.59866333007812 43
1755603071672 84.09522247314453 44
1755603071904 83.61570739746094 45
1755603072136 83.16465759277344 46
1755603072371 82.6631851196289 47
1755603072604 82.20905303955078 48
1755603072835 81.7022476196289 49
1755603073068 81.2962875366211 50
1755603073304 80.79188537597656 51
1755603073537 80.40987396240234 52
1755603073774 79.85446166992188 53
1755603074010 79.45216369628906 54
1755603074245 78.97107696533203 55
1755603074486 78.55236053466797 56
1755603074721 78.1478271484375 57
1755603074958 77.64129638671875 58
1755603075190 77.2072525024414 59
1755603075432 76.826171875 60
1755603075672 76.35100555419922 61
1755603075914 75.9789810180664 62
1755603076157 75.55812072753906 63
1755603076391 75.1493911743164 64
1755603076639 74.73880767822266 65
1755603076884 74.42950439453125 66
1755603077131 73.96125030517578 67
1755603077379 73.58023071289062 68
1755603077630 73.21808624267578 69
1755603077882 72.81078338623047 70
1755603078126 72.48616027832031 71
1755603078378 72.20022583007812 72
1755603078626 71.7944564819336 73
1755603078881 71.43797302246094 74
1755603079132 71.10819244384766 75
1755603079383 70.78099060058594 76
1755603079627 70.39995574951172 77
1755603079877 70.10969543457031 78
1755603080136 69.8020248413086 79
1755603080391 69.44551849365234 80
1755603080662 69.1377182006836 81
1755603080925 68.8442611694336 82
1755603081181 68.55122375488281 83
1755603081439 68.28125 84
1755603081697 67.98575592041016 85
1755603081955 67.67460632324219 86
1755603082212 67.34960174560547 87
1755603082466 67.16378021240234 88
1755603082724 66.86859130859375 89
1755603082985 66.60057830810547 90
1755603083245 66.3893814086914 91
1755603083511 66.11263275146484 92
1755603083772 65.94976043701172 93
1755603084029 65.67801666259766 94
1755603084286 65.46058654785156 95
1755603084546 65.2214126586914 96
1755603084805 65.0593490600586 97
1755603085067 64.82579803466797 98
1755603085335 64.68708038330078 99
1755603062213 114.92765045166016 0
