1755086258767 91.31732177734375 0
1755086258990 87.30416107177734 1
1755086259214 85.89691925048828 2
1755086259469 85.11422729492188 3
1755086259697 84.61979675292969 4
1755086259915 84.13162994384766 5
1755086260125 83.74341583251953 6
1755086260338 83.36995697021484 7
1755086260550 83.05146789550781 8
1755086260764 82.6920394897461 9
1755086260978 82.3740234375 10
1755086261191 81.98838806152344 11
1755086261424 81.69156646728516 12
1755086261634 81.35295867919922 13
1755086261849 81.05848693847656 14
1755086262063 80.74690246582031 15
1755086262278 80.40258026123047 16
1755086262492 80.09766387939453 17
1755086262706 79.79478454589844 18
1755086262925 79.49055480957031 19
1755086263163 79.21697235107422 20
1755086263381 78.85261535644531 21
1755086263599 78.57917785644531 22
1755086263819 78.29193115234375 23
1755086264039 78.00453186035156 24
1755086264259 77.70059967041016 25
1755086264479 77.41839599609375 26
1755086264697 77.08380889892578 27
1755086264915 76.83294677734375 28
1755086265146 76.50540924072266 29
1755086265381 76.23589324951172 30
1755086265612 75.9412841796875 31
1755086265843 75.6303939819336 32
1755086266074 75.36577606201172 33
1755086266306 75.05278015136719 34
1755086266539 74.79043579101562 35
1755086266773 74.5156478881836 36
1755086267009 74.21842193603516 37
1755086267254 73.95430755615234 38
1755086267485 73.66004180908203 39
1755086267776 73.39009094238281 40
1755086268010 73.12992858886719 41
1755086268248 72.83341979980469 42
1755086268485 72.53681945800781 43
1755086268720 72.27261352539062 44
1755086268960 72.02372741699219 45
1755086269203 71.73969268798828 46
1755086269466 71.4988021850586 47
1755086269708 71.22286987304688 48
1755086269947 70.98139953613281 49
1755086270190 70.67894744873047 50
1755086270445 70.45796966552734 51
1755086270689 70.20211029052734 52
1755086270932 69.95825958251953 53
1755086271179 69.67781066894531 54
1755086271458 69.41321563720703 55
1755086271714 69.18344116210938 56
1755086271964 68.93917846679688 57
1755086272216 68.69288635253906 58
1755086272476 68.43106079101562 59
1755086272742 68.17411041259766 60
1755086273009 67.94481658935547 61
1755086273284 67.70774841308594 62
1755086273549 67.48914337158203 63
1755086273802 67.22492980957031 64
1755086274070 66.99288177490234 65
1755086274353 66.77363586425781 66
1755086274625 66.54385375976562 67
1755086274905 66.31202697753906 68
1755086275189 66.06914520263672 69
1755086275475 65.85171508789062 70
1755086275748 65.66092681884766 71
1755086276023 65.4180679321289 72
1755086276300 65.19168090820312 73
1755086276603 64.99057006835938 74
1755086276881 64.72956085205078 75
1755086277170 64.53023529052734 76
1755086277457 64.32714080810547 77
1755086277725 64.10137176513672 78
1755086277991 63.849647521972656 79
1755086278260 63.6680793762207 80
1755086278530 63.44015121459961 81
1755086278800 63.21074295043945 82
1755086279068 63.00920867919922 83
1755086279348 62.802547454833984 84
1755086279641 62.59101104736328 85
1755086279929 62.385189056396484 86
1755086280247 62.17412567138672 87
1755086280546 62.003299713134766 88
1755086280847 61.79396057128906 89
1755086281181 61.58734130859375 90
1755086281497 61.39069747924805 91
1755086281790 61.18216323852539 92
1755086282063 61.0335693359375 93
1755086282334 60.814697265625 94
1755086282625 60.606727600097656 95
1755086282917 60.453182220458984 96
1755086283209 60.25861358642578 97
1755086283497 60.07524490356445 98
1755086283796 59.867794036865234 99
1755086258767 91.31732177734375 0
