1755086258787 163087712.0 0
1755086259012 123918360.0 1
1755086259235 109044680.0 2
1755086259492 102542768.0 3
1755086259720 98031424.0 4
1755086259937 94284240.0 5
1755086260146 91277192.0 6
1755086260359 88355240.0 7
1755086260574 85701496.0 8
1755086260785 83044312.0 9
1755086260999 80580160.0 10
1755086261212 78248104.0 11
1755086261445 76000288.0 12
1755086261656 73812736.0 13
1755086261872 71747400.0 14
1755086262083 69676520.0 15
1755086262300 67699296.0 16
1755086262513 65854092.0 17
1755086262727 63994340.0 18
1755086262947 62207416.0 19
1755086263185 60453888.0 20
1755086263402 58785544.0 21
1755086263622 57169728.0 22
1755086263840 55569952.0 23
1755086264060 54018380.0 24
1755086264281 52514520.0 25
1755086264500 51030532.0 26
1755086264718 49587604.0 27
1755086264938 48181332.0 28
1755086265169 46811584.0 29
1755086265404 45480732.0 30
1755086265635 44187068.0 31
1755086265867 42927164.0 32
1755086266097 41728340.0 33
1755086266329 40575788.0 34
1755086266562 39453732.0 35
1755086266797 38353848.0 36
1755086267033 37270676.0 37
1755086267277 36208624.0 38
1755086267518 35176504.0 39
1755086267798 34173100.0 40
1755086268034 33193680.0 41
1755086268273 32227354.0 42
1755086268508 31326242.0 43
1755086268743 30439872.0 44
1755086268984 29578618.0 45
1755086269232 28733862.0 46
1755086269491 27924372.0 47
1755086269732 27136062.0 48
1755086269971 26378472.0 49
1755086270220 25643930.0 50
1755086270470 24925434.0 51
1755086270713 24228314.0 52
1755086270957 23537746.0 53
1755086271205 22877156.0 54
1755086271482 22243304.0 55
1755086271738 21619800.0 56
1755086271989 21003110.0 57
1755086272243 20413332.0 58
1755086272502 19836086.0 59
1755086272771 19279814.0 60
1755086273036 18739798.0 61
1755086273310 18209872.0 62
1755086273575 17687828.0 63
1755086273829 17179642.0 64
1755086274097 16714710.0 65
1755086274380 16264900.0 66
1755086274652 15819289.0 67
1755086274933 15381436.0 68
1755086275218 14961969.0 69
1755086275502 14559263.0 70
1755086275775 14155654.0 71
1755086276050 13758802.0 72
1755086276330 13378528.0 73
1755086276630 13001053.0 74
1755086276912 12639362.0 75
1755086277199 12282746.0 76
1755086277483 11928509.0 77
1755086277752 11583383.0 78
1755086278018 11256342.0 79
1755086278288 10935609.0 80
1755086278558 10620571.0 81
1755086278826 10322936.0 82
1755086279094 10032492.0 83
1755086279377 9747563.0 84
1755086279671 9467301.0 85
1755086279959 9199709.0 86
1755086280275 8946505.0 87
1755086280575 8693939.0 88
1755086280876 8452541.0 89
1755086281210 8217915.0 90
1755086281532 7990642.0 91
1755086281817 7771510.0 92
1755086282090 7552834.5 93
1755086282361 7337191.5 94
1755086282654 7134183.5 95
1755086282945 6936643.5 96
1755086283238 6738868.5 97
1755086283527 6546402.5 98
1755086283827 6361908.5 99
1755086258787 163087712.0 0
