1755086258832 12127.275390625 0
1755086259057 11372.1181640625 1
1755086259280 11103.8603515625 2
1755086259537 10955.90234375 3
1755086259764 10862.396484375 4
1755086259979 10769.5224609375 5
1755086260190 10696.046875 6
1755086260403 10625.052734375 7
1755086260619 10564.3310546875 8
1755086260830 10495.876953125 9
1755086261041 10435.5009765625 10
1755086261256 10362.2626953125 11
1755086261487 10305.4306640625 12
1755086261699 10241.177734375 13
1755086261915 10185.083984375 14
1755086262131 10125.7412109375 15
1755086262342 10060.2021484375 16
1755086262556 10002.1376953125 17
1755086262772 9944.2509765625 18
1755086262992 9886.1435546875 19
1755086263229 9833.998046875 20
1755086263446 9764.6669921875 21
1755086263665 9712.4228515625 22
1755086263884 9657.5380859375 23
1755086264104 9602.919921875 24
1755086264324 9544.6572265625 25
1755086264542 9490.8984375 26
1755086264762 9426.87109375 27
1755086264984 9378.93359375 28
1755086265219 9316.0810546875 29
1755086265450 9264.5244140625 30
1755086265681 9208.400390625 31
1755086265913 9148.84375 32
1755086266142 9098.0791015625 33
1755086266375 9038.103515625 34
1755086266608 8987.93359375 35
1755086266842 8935.2177734375 36
1755086267079 8878.4072265625 37
1755086267323 8827.67578125 38
1755086267595 8771.1025390625 39
1755086267846 8719.0302734375 40
1755086268082 8669.431640625 41
1755086268320 8612.3017578125 42
1755086268554 8555.4443359375 43
1755086268791 8504.8359375 44
1755086269033 8456.5771484375 45
1755086269285 8401.97265625 46
1755086269540 8355.7216796875 47
1755086269779 8302.4990234375 48
1755086270017 8255.87109375 49
1755086270275 8197.9775390625 50
1755086270518 8154.9970703125 51
1755086270761 8105.8896484375 52
1755086271005 8058.56640625 53
1755086271254 8004.70361328125 54
1755086271532 7953.5107421875 55
1755086271789 7908.994140625 56
1755086272040 7861.958984375 57
1755086272295 7814.42529296875 58
1755086272553 7763.84033203125 59
1755086272826 7714.03173828125 60
1755086273089 7669.6611328125 61
1755086273363 7623.7607421875 62
1755086273625 7581.29248046875 63
1755086273878 7530.08837890625 64
1755086274161 7485.17822265625 65
1755086274436 7442.50390625 66
1755086274710 7398.10595703125 67
1755086274988 7352.9326171875 68
1755086275274 7305.685546875 69
1755086275558 7263.62646484375 70
1755086275830 7226.2763671875 71
1755086276105 7179.07373046875 72
1755086276385 7134.94189453125 73
1755086276687 7095.6796875 74
1755086276968 7045.12548828125 75
1755086277256 7005.84716796875 76
1755086277535 6966.5263671875 77
1755086277805 6922.4912109375 78
1755086278070 6873.0703125 79
1755086278341 6837.6591796875 80
1755086278612 6793.166015625 81
1755086278878 6748.2001953125 82
1755086279148 6708.82421875 83
1755086279436 6668.20703125 84
1755086279728 6626.8134765625 85
1755086280016 6586.68115234375 86
1755086280334 6545.13427734375 87
1755086280634 6511.337890625 88
1755086280934 6470.38330078125 89
1755086281269 6429.619140625 90
1755086281593 6390.96142578125 91
1755086281871 6349.81689453125 92
1755086282146 6320.6650390625 93
1755086282420 6277.6943359375 94
1755086282717 6236.5703125 95
1755086283001 6206.15771484375 96
1755086283293 6167.919921875 97
1755086283584 6131.49609375 98
1755086283899 6090.2392578125 99
1755086258832 12127.275390625 0
