1755086258808 92.00576782226562 0
1755086259035 87.99296569824219 1
1755086259257 86.58535766601562 2
1755086259514 85.80313873291016 3
1755086259742 85.30815887451172 4
1755086259958 84.82052612304688 5
1755086260167 84.4316177368164 6
1755086260381 84.05886840820312 7
1755086260597 83.73981475830078 8
1755086260810 83.38079071044922 9
1755086261020 83.0628890991211 10
1755086261234 82.67664337158203 11
1755086261466 82.3804931640625 12
1755086261678 82.04129028320312 13
1755086261893 81.74695587158203 14
1755086262107 81.4359130859375 15
1755086262321 81.0906982421875 16
1755086262535 80.78653717041016 17
1755086262750 80.48345184326172 18
1755086262970 80.17872619628906 19
1755086263207 79.90592956542969 20
1755086263423 79.5408935546875 21
1755086263644 79.26757049560547 22
1755086263862 78.9809341430664 23
1755086264082 78.69261932373047 24
1755086264302 78.38925170898438 25
1755086264521 78.10730743408203 26
1755086264740 77.77176666259766 27
1755086264961 77.52178955078125 28
1755086265191 77.1941146850586 29
1755086265426 76.92414093017578 30
1755086265659 76.63024139404297 31
1755086265889 76.31852722167969 32
1755086266119 76.0544204711914 33
1755086266352 75.74170684814453 34
1755086266584 75.4786148071289 35
1755086266820 75.20439910888672 36
1755086267055 74.9070053100586 37
1755086267299 74.64251708984375 38
1755086267556 74.34899139404297 39
1755086267822 74.07843780517578 40
1755086268058 73.81837463378906 41
1755086268296 73.52226257324219 42
1755086268532 73.22489166259766 43
1755086268767 72.96151733398438 44
1755086269008 72.71243286132812 45
1755086269259 72.42784881591797 46
1755086269516 72.18769836425781 47
1755086269755 71.91119384765625 48
1755086269994 71.66981506347656 49
1755086270251 71.36781311035156 50
1755086270494 71.14601135253906 51
1755086270736 70.89083862304688 52
1755086270982 70.64705657958984 53
1755086271230 70.3658447265625 54
1755086271507 70.10208129882812 55
1755086271763 69.87190246582031 56
1755086272015 69.6275405883789 57
1755086272269 69.38186645507812 58
1755086272528 69.11925506591797 59
1755086272797 68.86288452148438 60
1755086273060 68.633544921875 61
1755086273336 68.39590454101562 62
1755086273599 68.17804718017578 63
1755086273854 67.91336822509766 64
1755086274128 67.6810073852539 65
1755086274407 67.46268463134766 66
1755086274681 67.23217010498047 67
1755086274961 67.00067138671875 68
1755086275246 66.7580795288086 69
1755086275529 66.53982543945312 70
1755086275803 66.34978485107422 71
1755086276077 66.10685729980469 72
1755086276356 65.87995910644531 73
1755086276658 65.67945098876953 74
1755086276940 65.41801452636719 75
1755086277228 65.21871948242188 76
1755086277510 65.01610565185547 77
1755086277778 64.7896499633789 78
1755086278043 64.53848266601562 79
1755086278314 64.35686492919922 80
1755086278585 64.12840270996094 81
1755086278852 63.89970397949219 82
1755086279120 63.69759750366211 83
1755086279407 63.4909553527832 84
1755086279699 63.27999496459961 85
1755086279988 63.07343673706055 86
1755086280303 62.86281967163086 87
1755086280604 62.692264556884766 88
1755086280903 62.48216247558594 89
1755086281240 62.27616500854492 90
1755086281564 62.07931900024414 91
1755086281844 61.87061309814453 92
1755086282118 61.72243118286133 93
1755086282391 61.50297927856445 94
1755086282686 61.29545974731445 95
1755086282973 61.142112731933594 96
1755086283265 60.946781158447266 97
1755086283555 60.76405334472656 98
1755086283857 60.5565299987793 99
1755086258808 92.00576782226562 0
