1755086258856 110.12390899658203 0
1755086259080 106.64013671875 1
1755086259301 105.3748550415039 2
1755086259562 104.67044830322266 3
1755086259786 104.22282409667969 4
1755086260000 103.77630615234375 5
1755086260211 103.42169189453125 6
1755086260424 103.07789611816406 7
1755086260639 102.78292846679688 8
1755086260851 102.44938659667969 9
1755086261062 102.154296875 10
1755086261277 101.79519653320312 11
1755086261507 101.51567077636719 12
1755086261721 101.1987075805664 13
1755086261937 100.92118072509766 14
1755086262152 100.62673950195312 15
1755086262363 100.3005599975586 16
1755086262577 100.01068878173828 17
1755086262794 99.72086334228516 18
1755086263014 99.42908477783203 19
1755086263250 99.16651916503906 20
1755086263468 98.81632995605469 21
1755086263686 98.55162811279297 22
1755086263906 98.27277374267578 23
1755086264126 97.99449157714844 24
1755086264346 97.69676208496094 25
1755086264565 97.4212417602539 26
1755086264784 97.09207153320312 27
1755086265007 96.84489440917969 28
1755086265241 96.51985168457031 29
1755086265474 96.25240325927734 30
1755086265705 95.96041107177734 31
1755086265936 95.64958953857422 32
1755086266166 95.38385009765625 33
1755086266398 95.06893920898438 34
1755086266632 94.8047103881836 35
1755086266866 94.52628326416016 36
1755086267102 94.22530364990234 37
1755086267347 93.9557113647461 38
1755086267626 93.65416717529297 39
1755086267870 93.37574768066406 40
1755086268105 93.10977935791016 41
1755086268343 92.802490234375 42
1755086268578 92.49564361572266 43
1755086268815 92.22166442871094 44
1755086269056 91.95964813232422 45
1755086269308 91.66227722167969 46
1755086269565 91.40963745117188 47
1755086269803 91.11804962158203 48
1755086270042 90.86182403564453 49
1755086270299 90.54268646240234 50
1755086270542 90.30502319335938 51
1755086270785 90.03271484375 52
1755086271029 89.76951599121094 53
1755086271279 89.46900939941406 54
1755086271558 89.18245697021484 55
1755086271813 88.93252563476562 56
1755086272064 88.66768646240234 57
1755086272319 88.39923858642578 58
1755086272577 88.11265563964844 59
1755086272856 87.82955932617188 60
1755086273115 87.57659912109375 61
1755086273390 87.31414794921875 62
1755086273650 87.07061767578125 63
1755086273902 86.77608489990234 64
1755086274189 86.51692199707031 65
1755086274461 86.26995086669922 66
1755086274738 86.01224517822266 67
1755086275017 85.7492446899414 68
1755086275302 85.47330474853516 69
1755086275586 85.22691345214844 70
1755086275855 85.00750732421875 71
1755086276133 84.72941589355469 72
1755086276426 84.46858215332031 73
1755086276716 84.23585510253906 74
1755086276996 83.93524932861328 75
1755086277282 83.70093536376953 76
1755086277563 83.4657211303711 77
1755086277833 83.20150756835938 78
1755086278096 82.90398406982422 79
1755086278368 82.69013977050781 80
1755086278639 82.42066192626953 81
1755086278903 82.14743041992188 82
1755086279179 81.90740966796875 83
1755086279466 81.65908813476562 84
1755086279757 81.40524291992188 85
1755086280053 81.15837097167969 86
1755086280364 80.9020004272461 87
1755086280663 80.69286346435547 88
1755086280964 80.43869018554688 89
1755086281301 80.18490600585938 90
1755086281623 79.94348907470703 91
1755086281898 79.68573760986328 92
1755086282173 79.50260925292969 93
1755086282448 79.23190307617188 94
1755086282748 78.97196197509766 95
1755086283032 78.77916717529297 96
1755086283321 78.53610229492188 97
1755086283614 78.30387115478516 98
1755086283945 78.03998565673828 99
1755086258856 110.12390899658203 0
