1755080671250 91.90355682373047 0
1755080671453 88.22152709960938 1
1755080671660 86.68620300292969 2
1755080671877 85.71891021728516 3
1755080672085 85.18090057373047 4
1755080672298 84.71404266357422 5
1755080672510 84.29692840576172 6
1755080672720 83.925048828125 7
1755080672935 83.56169891357422 8
1755080673150 83.22516632080078 9
1755080673366 82.89921569824219 10
1755080673583 82.56112670898438 11
1755080673801 82.28492736816406 12
1755080674020 81.98975372314453 13
1755080674244 81.6236801147461 14
1755080674472 81.29074096679688 15
1755080674718 80.98074340820312 16
1755080674934 80.67083740234375 17
1755080675154 80.4029541015625 18
1755080675380 80.05010986328125 19
1755080675602 79.81217956542969 20
1755080675823 79.50267791748047 21
1755080676039 79.20043182373047 22
1755080676257 78.87904357910156 23
1755080676476 78.61051940917969 24
1755080676703 78.28338623046875 25
1755080676929 78.06046295166016 26
1755080677155 77.71931457519531 27
1755080677380 77.4514389038086 28
1755080677610 77.2035140991211 29
1755080677838 76.89794921875 30
1755080678068 76.62518310546875 31
1755080678300 76.3521728515625 32
1755080678532 76.08477020263672 33
1755080678762 75.79004669189453 34
1755080679023 75.52674865722656 35
1755080679269 75.23184204101562 36
1755080679540 74.96429443359375 37
1755080679776 74.70256805419922 38
1755080680016 74.41825866699219 39
1755080680257 74.17657470703125 40
1755080680503 73.94490051269531 41
1755080680744 73.62897491455078 42
1755080680982 73.37721252441406 43
1755080681229 73.08655548095703 44
1755080681476 72.82160949707031 45
1755080681720 72.5649185180664 46
1755080681961 72.32827758789062 47
1755080682203 72.07073211669922 48
1755080682456 71.84392547607422 49
1755080682733 71.53421783447266 50
1755080682978 71.29365539550781 51
1755080683221 71.03317260742188 52
1755080683506 70.81027221679688 53
1755080683752 70.569091796875 54
1755080684003 70.2840576171875 55
1755080684251 70.0726547241211 56
1755080684501 69.87223052978516 57
1755080684749 69.59915924072266 58
1755080684997 69.3505630493164 59
1755080685249 69.0824966430664 60
1755080685500 68.84927368164062 61
1755080685758 68.63232421875 62
1755080686007 68.38471221923828 63
1755080686258 68.16797637939453 64
1755080686514 67.94314575195312 65
1755080686770 67.70158386230469 66
1755080687029 67.46516418457031 67
1755080687287 67.21347045898438 68
1755080687551 66.97330474853516 69
1755080687814 66.78518676757812 70
1755080688075 66.56112670898438 71
1755080688337 66.37625122070312 72
1755080688602 66.12680053710938 73
1755080688869 65.91067504882812 74
1755080689168 65.68524932861328 75
1755080689452 65.50758361816406 76
1755080689714 65.25719451904297 77
1755080689986 65.05707550048828 78
1755080690250 64.83761596679688 79
1755080690517 64.66631317138672 80
1755080690779 64.39987182617188 81
1755080691041 64.22600555419922 82
1755080691302 63.99706268310547 83
1755080691567 63.80413818359375 84
1755080691832 63.62700653076172 85
1755080692098 63.4435920715332 86
1755080692366 63.17866516113281 87
1755080692640 62.996273040771484 88
1755080692911 62.83637237548828 89
1755080693189 62.59575653076172 90
1755080693469 62.39997863769531 91
1755080693738 62.13816452026367 92
1755080694008 62.01499557495117 93
1755080694278 61.801517486572266 94
1755080694559 61.59367370605469 95
1755080694835 61.38367462158203 96
1755080695113 61.26066207885742 97
1755080695390 61.05977249145508 98
1755080695669 60.92783737182617 99
1755080671250 91.90355682373047 0
