1755080671269 174967408.0 0
1755080671473 131291120.0 1
1755080671682 116647240.0 2
1755080671898 107380520.0 3
1755080672106 104019800.0 4
1755080672321 98840872.0 5
1755080672530 94695336.0 6
1755080672741 93410632.0 7
1755080672957 89686504.0 8
1755080673171 87134240.0 9
1755080673388 86142440.0 10
1755080673604 81372288.0 11
1755080673823 79343504.0 12
1755080674042 78896128.0 13
1755080674267 75784880.0 14
1755080674509 74060848.0 15
1755080674739 71510224.0 16
1755080674956 69474568.0 17
1755080675176 69793576.0 18
1755080675402 67084576.0 19
1755080675623 64072912.0 20
1755080675844 60919748.0 21
1755080676062 60023192.0 22
1755080676278 58804284.0 23
1755080676499 58164796.0 24
1755080676726 55548600.0 25
1755080676952 55219572.0 26
1755080677177 52141296.0 27
1755080677404 51170608.0 28
1755080677634 49262168.0 29
1755080677863 48649340.0 30
1755080678092 46217852.0 31
1755080678324 46132824.0 32
1755080678555 43765224.0 33
1755080678786 43625272.0 34
1755080679050 42623080.0 35
1755080679297 41256564.0 36
1755080679563 39669300.0 37
1755080679802 39684408.0 38
1755080680040 37615756.0 39
1755080680282 36371664.0 40
1755080680526 36352008.0 41
1755080680768 35029048.0 42
1755080681005 35159376.0 43
1755080681253 34592864.0 44
1755080681500 32350710.0 45
1755080681745 32356294.0 46
1755080681984 30125664.0 47
1755080682230 29694836.0 48
1755080682480 29129760.0 49
1755080682757 28186466.0 50
1755080683002 27597864.0 51
1755080683245 27681688.0 52
1755080683531 24912124.0 53
1755080683777 25690362.0 54
1755080684027 24783558.0 55
1755080684276 24621976.0 56
1755080684525 23211916.0 57
1755080684773 21700556.0 58
1755080685023 22818744.0 59
1755080685275 21445722.0 60
1755080685525 21002238.0 61
1755080685783 21109666.0 62
1755080686031 19848144.0 63
1755080686283 19477766.0 64
1755080686538 17351680.0 65
1755080686796 18026414.0 66
1755080687053 17747284.0 67
1755080687312 17516356.0 68
1755080687575 17767618.0 69
1755080687839 17080982.0 70
1755080688101 15334973.0 71
1755080688363 17119950.0 72
1755080688627 15110748.0 73
1755080688896 14977260.0 74
1755080689194 13610560.0 75
1755080689478 14000206.0 76
1755080689740 13805362.0 77
1755080690013 12965816.0 78
1755080690278 12953471.0 79
1755080690543 12340570.0 80
1755080690806 12924741.0 81
1755080691067 11704195.0 82
1755080691327 11298126.0 83
1755080691593 10835703.0 84
1755080691858 10923832.0 85
1755080692124 10454537.0 86
1755080692392 10515680.0 87
1755080692667 10080969.0 88
1755080692939 9762812.0 89
1755080693217 9173396.0 90
1755080693495 9955384.0 91
1755080693764 8950085.0 92
1755080694036 9138774.0 93
1755080694304 8891316.0 94
1755080694588 8281501.0 95
1755080694863 7397138.0 96
1755080695141 7758599.0 97
1755080695419 7543441.0 98
1755080695698 8075815.5 99
1755080671269 174967408.0 0
