1755080671309 12241.697265625 0
1755080671514 11545.5400390625 1
1755080671725 11253.8486328125 2
1755080671941 11070.966796875 3
1755080672148 10970.05859375 4
1755080672363 10881.046875 5
1755080672572 10800.9794921875 6
1755080672785 10730.48046875 7
1755080673000 10659.951171875 8
1755080673214 10596.7685546875 9
1755080673432 10536.7353515625 10
1755080673649 10470.24609375 11
1755080673866 10418.8271484375 12
1755080674087 10361.00390625 13
1755080674313 10292.8720703125 14
1755080674563 10230.009765625 15
1755080674781 10170.505859375 16
1755080674998 10110.3837890625 17
1755080675220 10061.236328125 18
1755080675447 9994.09765625 19
1755080675668 9948.5283203125 20
1755080675887 9886.8876953125 21
1755080676104 9831.37890625 22
1755080676322 9770.328125 23
1755080676543 9718.119140625 24
1755080676771 9655.859375 25
1755080676996 9612.0068359375 26
1755080677221 9547.1083984375 27
1755080677448 9496.642578125 28
1755080677679 9449.486328125 29
1755080677909 9392.9892578125 30
1755080678136 9340.0390625 31
1755080678370 9285.0341796875 32
1755080678601 9235.65625 33
1755080678835 9179.7109375 34
1755080679098 9128.0849609375 35
1755080679355 9073.923828125 36
1755080679612 9022.2568359375 37
1755080679849 8971.724609375 38
1755080680087 8917.8125 39
1755080680333 8870.126953125 40
1755080680576 8824.94140625 41
1755080680814 8765.5576171875 42
1755080681056 8715.2021484375 43
1755080681300 8663.5859375 44
1755080681550 8608.376953125 45
1755080681793 8563.4892578125 46
1755080682033 8518.068359375 47
1755080682279 8466.6689453125 48
1755080682529 8422.2265625 49
1755080682807 8363.9365234375 50
1755080683050 8314.2939453125 51
1755080683299 8264.4873046875 52
1755080683579 8221.6572265625 53
1755080683826 8174.94189453125 54
1755080684078 8123.31201171875 55
1755080684326 8079.611328125 56
1755080684575 8039.3603515625 57
1755080684822 7988.45458984375 58
1755080685074 7942.34228515625 59
1755080685326 7893.97802734375 60
1755080685580 7846.92529296875 61
1755080685832 7802.1220703125 62
1755080686081 7755.4111328125 63
1755080686333 7712.4345703125 64
1755080686589 7666.06689453125 65
1755080686846 7617.69287109375 66
1755080687103 7576.609375 67
1755080687365 7529.5546875 68
1755080687627 7483.1513671875 69
1755080687893 7449.0703125 70
1755080688152 7404.9462890625 71
1755080688413 7366.44384765625 72
1755080688681 7319.01904296875 73
1755080688960 7274.50244140625 74
1755080689265 7229.7822265625 75
1755080689529 7193.5771484375 76
1755080689793 7151.14990234375 77
1755080690064 7111.2626953125 78
1755080690329 7064.05712890625 79
1755080690597 7032.35546875 80
1755080690858 6981.62646484375 81
1755080691119 6947.6630859375 82
1755080691381 6901.2890625 83
1755080691647 6864.20751953125 84
1755080691912 6829.849609375 85
1755080692177 6790.58984375 86
1755080692447 6741.85107421875 87
1755080692719 6707.04443359375 88
1755080692995 6674.16552734375 89
1755080693275 6627.60595703125 90
1755080693550 6590.61181640625 91
1755080693818 6541.8408203125 92
1755080694089 6510.7685546875 93
1755080694358 6473.26806640625 94
1755080694642 6431.42724609375 95
1755080694922 6390.5166015625 96
1755080695195 6364.64794921875 97
1755080695476 6324.8076171875 98
1755080695752 6300.51171875 99
1755080671309 12241.697265625 0
