1755080671290 92.59191131591797 0
1755080671494 88.9100112915039 1
1755080671702 87.3748550415039 2
1755080671919 86.40747833251953 3
1755080672127 85.8694076538086 4
1755080672342 85.40262603759766 5
1755080672551 84.98543548583984 6
1755080672762 84.61357116699219 7
1755080672979 84.2500991821289 8
1755080673192 83.91407775878906 9
1755080673409 83.58769989013672 10
1755080673626 83.2499771118164 11
1755080673844 82.97350311279297 12
1755080674065 82.67809295654297 13
1755080674291 82.31210327148438 14
1755080674541 81.97966003417969 15
1755080674761 81.66909790039062 16
1755080674977 81.35934448242188 17
1755080675197 81.0911636352539 18
1755080675425 80.73829650878906 19
1755080675646 80.50077056884766 20
1755080675865 80.19076538085938 21
1755080676084 79.8881607055664 22
1755080676300 79.56790161132812 23
1755080676521 79.2991714477539 24
1755080676749 78.9723892211914 25
1755080676974 78.74899291992188 26
1755080677198 78.40776824951172 27
1755080677426 78.13975524902344 28
1755080677656 77.89241790771484 29
1755080677885 77.58605194091797 30
1755080678114 77.31343078613281 31
1755080678347 77.0410385131836 32
1755080678578 76.77322387695312 33
1755080678809 76.47843933105469 34
1755080679074 76.21540069580078 35
1755080679326 75.92024230957031 36
1755080679588 75.6529769897461 37
1755080679825 75.39151000976562 38
1755080680064 75.10696411132812 39
1755080680307 74.86547088623047 40
1755080680552 74.63331604003906 41
1755080680791 74.31782531738281 42
1755080681031 74.06588745117188 43
1755080681276 73.77499389648438 44
1755080681525 73.50968170166016 45
1755080681769 73.25263214111328 46
1755080682008 73.01683807373047 47
1755080682254 72.75899505615234 48
1755080682504 72.5323715209961 49
1755080682783 72.22264099121094 50
1755080683026 71.9818115234375 51
1755080683272 71.721923828125 52
1755080683554 71.49948120117188 53
1755080683800 71.25714111328125 54
1755080684052 70.97242736816406 55
1755080684301 70.76158142089844 56
1755080684551 70.5607681274414 57
1755080684798 70.28791809082031 58
1755080685049 70.03919219970703 59
1755080685301 69.77136993408203 60
1755080685552 69.537841796875 61
1755080685808 69.32049560546875 62
1755080686057 69.07315063476562 63
1755080686309 68.85694885253906 64
1755080686564 68.63151550292969 65
1755080686821 68.39046478271484 66
1755080687079 68.154296875 67
1755080687340 67.90200805664062 68
1755080687601 67.6616439819336 69
1755080687865 67.47418212890625 70
1755080688127 67.24972534179688 71
1755080688389 67.06514739990234 72
1755080688654 66.81465148925781 73
1755080688921 66.59871673583984 74
1755080689239 66.37359619140625 75
1755080689502 66.19633483886719 76
1755080689767 65.94467163085938 77
1755080690038 65.74539184570312 78
1755080690303 65.52582550048828 79
1755080690570 65.35501861572266 80
1755080690833 65.08889770507812 81
1755080691093 64.91429138183594 82
1755080691355 64.68572998046875 83
1755080691620 64.49256896972656 84
1755080691884 64.31588745117188 85
1755080692150 64.13223266601562 86
1755080692419 63.86781692504883 87
1755080692692 63.6850700378418 88
1755080692967 63.52516555786133 89
1755080693246 63.28395462036133 90
1755080693524 63.088356018066406 91
1755080693791 62.82685852050781 92
1755080694063 62.70341873168945 93
1755080694332 62.49040603637695 94
1755080694615 62.28165054321289 95
1755080694892 62.072303771972656 96
1755080695169 61.9493408203125 97
1755080695447 61.74814224243164 98
1755080695725 61.61637496948242 99
1755080671290 92.59191131591797 0
