1755080671327 110.64220428466797 0
1755080671536 107.4501724243164 1
1755080671746 106.08415985107422 2
1755080671961 105.21865844726562 3
1755080672169 104.73804473876953 4
1755080672384 104.312255859375 5
1755080672593 103.9277572631836 6
1755080672806 103.5880355834961 7
1755080673022 103.24703979492188 8
1755080673237 102.94060516357422 9
1755080673454 102.64859771728516 10
1755080673671 102.32421875 11
1755080673889 102.0726547241211 12
1755080674108 101.78901672363281 13
1755080674335 101.45379638671875 14
1755080674585 101.14350891113281 15
1755080674803 100.84892272949219 16
1755080675021 100.55040740966797 17
1755080675242 100.30571746826172 18
1755080675470 99.9704818725586 19
1755080675691 99.7423095703125 20
1755080675909 99.43283081054688 21
1755080676127 99.15331268310547 22
1755080676343 98.844970703125 23
1755080676565 98.58052062988281 24
1755080676793 98.26422882080078 25
1755080677020 98.04084014892578 26
1755080677244 97.70930480957031 27
1755080677472 97.45072174072266 28
1755080677701 97.20846557617188 29
1755080677932 96.91743469238281 30
1755080678159 96.64387512207031 31
1755080678394 96.35887908935547 32
1755080678623 96.10232543945312 33
1755080678864 95.81080627441406 34
1755080679122 95.541015625 35
1755080679384 95.25714874267578 36
1755080679635 94.98555755615234 37
1755080679872 94.71918487548828 38
1755080680111 94.43417358398438 39
1755080680358 94.18135070800781 40
1755080680600 93.941162109375 41
1755080680838 93.62455749511719 42
1755080681081 93.3552474975586 43
1755080681327 93.07838439941406 44
1755080681575 92.78134155273438 45
1755080681818 92.53912353515625 46
1755080682057 92.29338073730469 47
1755080682306 92.0145034790039 48
1755080682553 91.77268981933594 49
1755080682831 91.45455932617188 50
1755080683074 91.18274688720703 51
1755080683324 90.90922546386719 52
1755080683603 90.67335510253906 53
1755080683851 90.4153823852539 54
1755080684105 90.1294174194336 55
1755080684351 89.88665771484375 56
1755080684600 89.66248321533203 57
1755080684848 89.37815856933594 58
1755080685099 89.11981964111328 59
1755080685351 88.84806060791016 60
1755080685607 88.58287048339844 61
1755080685857 88.32962036132812 62
1755080686106 88.06481170654297 63
1755080686359 87.82046508789062 64
1755080686615 87.55607604980469 65
1755080686870 87.2793960571289 66
1755080687129 87.0437240600586 67
1755080687391 86.77301025390625 68
1755080687653 86.50521087646484 69
1755080687918 86.30799865722656 70
1755080688178 86.05199432373047 71
1755080688439 85.82798767089844 72
1755080688705 85.55126190185547 73
1755080689002 85.29069519042969 74
1755080689291 85.02812957763672 75
1755080689555 84.81495666503906 76
1755080689819 84.56446838378906 77
1755080690090 84.32830047607422 78
1755080690356 84.04794311523438 79
1755080690623 83.85913848876953 80
1755080690884 83.5561294555664 81
1755080691145 83.35264587402344 82
1755080691408 83.0739974975586 83
1755080691673 82.85050964355469 84
1755080691938 82.64290618896484 85
1755080692205 82.40503692626953 86
1755080692474 82.10877227783203 87
1755080692747 81.89654541015625 88
1755080693024 81.69556427001953 89
1755080693302 81.41011047363281 90
1755080693577 81.18258666992188 91
1755080693845 80.88164520263672 92
1755080694116 80.6893310546875 93
1755080694385 80.45661926269531 94
1755080694670 80.19618225097656 95
1755080694951 79.94070434570312 96
1755080695224 79.77873992919922 97
1755080695503 79.52865600585938 98
1755080695780 79.37576293945312 99
1755080671327 110.64220428466797 0
