1755603500156 96.595703125 0
1755603500343 93.30340576171875 1
1755603500544 91.24478149414062 2
1755603500752 90.09304809570312 3
1755603500974 89.52120971679688 4
1755603501177 89.02129364013672 5
1755603501382 88.60354614257812 6
1755603501585 88.20068359375 7
1755603501786 87.83679962158203 8
1755603501988 87.44688415527344 9
1755603502210 87.11363220214844 10
1755603502425 86.76303100585938 11
1755603502634 86.37924194335938 12
1755603502842 86.0535888671875 13
1755603503050 85.738037109375 14
1755603503259 85.36941528320312 15
1755603503467 85.05775451660156 16
1755603503678 84.70637512207031 17
1755603503883 84.36038970947266 18
1755603504099 84.02297973632812 19
1755603504310 83.68983459472656 20
1755603504522 83.34221649169922 21
1755603504734 83.07362365722656 22
1755603504940 82.71211242675781 23
1755603505157 82.419921875 24
1755603505372 82.08102416992188 25
1755603505584 81.7342758178711 26
1755603505796 81.46053314208984 27
1755603506008 81.13661193847656 28
1755603506224 80.82026672363281 29
1755603506450 80.52155303955078 30
1755603506677 80.21271514892578 31
1755603506905 79.91837310791016 32
1755603507127 79.56959533691406 33
1755603507358 79.32074737548828 34
1755603507586 78.98540496826172 35
1755603507814 78.70423126220703 36
1755603508044 78.42060852050781 37
1755603508275 78.1384048461914 38
1755603508502 77.83172607421875 39
1755603508737 77.55097961425781 40
1755603508975 77.26095581054688 41
1755603509210 76.94709014892578 42
1755603509440 76.65670776367188 43
1755603509678 76.35523986816406 44
1755603509912 76.11770629882812 45
1755603510147 75.82427978515625 46
1755603510383 75.52808380126953 47
1755603510624 75.23361206054688 48
1755603510863 74.91474914550781 49
1755603511105 74.66957092285156 50
1755603511342 74.3749008178711 51
1755603511585 74.14903259277344 52
1755603511826 73.82188415527344 53
1755603512065 73.52830505371094 54
1755603512306 73.2781753540039 55
1755603512544 73.03649139404297 56
1755603512792 72.72897338867188 57
1755603513035 72.46186065673828 58
1755603513281 72.17964935302734 59
1755603513523 71.95259857177734 60
1755603513764 71.68167114257812 61
1755603514004 71.46574401855469 62
1755603514252 71.17658996582031 63
1755603514499 70.93121337890625 64
1755603514738 70.69451141357422 65
1755603514988 70.4390869140625 66
1755603515238 70.23885345458984 67
1755603515490 69.90926361083984 68
1755603515738 69.71431732177734 69
1755603515987 69.45686340332031 70
1755603516237 69.24434661865234 71
1755603516480 68.95948028564453 72
1755603516737 68.75813293457031 73
1755603516988 68.53766632080078 74
1755603517238 68.25025939941406 75
1755603517495 68.01411437988281 76
1755603517753 67.8111572265625 77
1755603518019 67.53280639648438 78
1755603518272 67.38558959960938 79
1755603518523 67.14508056640625 80
1755603518781 66.8924331665039 81
1755603519036 66.66535949707031 82
1755603519293 66.44841766357422 83
1755603519543 66.2872314453125 84
1755603519823 66.01866149902344 85
1755603520083 65.85272216796875 86
1755603520343 65.57958221435547 87
1755603520599 65.31732177734375 88
1755603520860 65.11981201171875 89
1755603521120 64.86572265625 90
1755603521384 64.7193832397461 91
1755603521641 64.46997833251953 92
1755603521904 64.24108123779297 93
1755603522176 64.04119873046875 94
1755603522446 63.827064514160156 95
1755603522731 63.62202835083008 96
1755603522998 63.42729187011719 97
1755603523265 63.22895812988281 98
1755603523543 63.02509689331055 99
1755603500156 96.595703125 0
