1755603500173 329096160.0 0
1755603500364 255056480.0 1
1755603500565 211527488.0 2
1755603500773 195532448.0 3
1755603500989 182432592.0 4
1755603501196 176493024.0 5
1755603501402 168100816.0 6
1755603501604 164926288.0 7
1755603501808 159285872.0 8
1755603502011 151563584.0 9
1755603502233 147517696.0 10
1755603502447 144188992.0 11
1755603502655 140822368.0 12
1755603502863 135750240.0 13
1755603503064 132326632.0 14
1755603503281 128109712.0 15
1755603503488 125641840.0 16
1755603503698 118496032.0 17
1755603503911 117833016.0 18
1755603504123 113403240.0 19
1755603504328 111825408.0 20
1755603504544 107694568.0 21
1755603504755 104030632.0 22
1755603504965 100459376.0 23
1755603505178 98356376.0 24
1755603505391 93754248.0 25
1755603505605 92195280.0 26
1755603505818 88768888.0 27
1755603506031 86959680.0 28
1755603506245 85722128.0 29
1755603506475 84642672.0 30
1755603506701 77582072.0 31
1755603506925 75363328.0 32
1755603507156 74789256.0 33
1755603507376 72586144.0 34
1755603507609 70115016.0 35
1755603507835 66801252.0 36
1755603508067 67190672.0 37
1755603508297 63270952.0 38
1755603508522 61532516.0 39
1755603508761 60451264.0 40
1755603508999 56991848.0 41
1755603509233 55658216.0 42
1755603509465 55892840.0 43
1755603509701 54195220.0 44
1755603509936 51191140.0 45
1755603510168 51171560.0 46
1755603510411 50187980.0 47
1755603510648 47590040.0 48
1755603510886 46047488.0 49
1755603511126 43229648.0 50
1755603511363 43088656.0 51
1755603511599 42189504.0 52
1755603511850 40461788.0 53
1755603512078 39665384.0 54
1755603512331 38473460.0 55
1755603512574 37186320.0 56
1755603512816 36947992.0 57
1755603513058 35269700.0 58
1755603513308 34012260.0 59
1755603513543 33183618.0 60
1755603513786 32889302.0 61
1755603514029 31853392.0 62
1755603514277 30775572.0 63
1755603514523 30120654.0 64
1755603514768 27779060.0 65
1755603515016 27609326.0 66
1755603515264 27547284.0 67
1755603515509 26937128.0 68
1755603515765 25373126.0 69
1755603516015 25619132.0 70
1755603516265 24827656.0 71
1755603516516 23314222.0 72
1755603516768 22683744.0 73
1755603517017 22161010.0 74
1755603517269 22495560.0 75
1755603517521 20247408.0 76
1755603517778 21755890.0 77
1755603518043 18925750.0 78
1755603518298 18596032.0 79
1755603518552 20164708.0 80
1755603518808 18432372.0 81
1755603519063 17752356.0 82
1755603519319 15915429.0 83
1755603519575 15861394.0 84
1755603519851 15606930.0 85
1755603520106 15448817.0 86
1755603520363 15328148.0 87
1755603520625 13986326.0 88
1755603520883 14154479.0 89
1755603521141 13610121.0 90
1755603521404 12841429.0 91
1755603521672 12949289.0 92
1755603521935 13397455.0 93
1755603522203 12271580.0 94
1755603522478 12942389.0 95
1755603522758 11621316.0 96
1755603523022 11424705.0 97
1755603523294 10753927.0 98
1755603523573 10779720.0 99
1755603500173 329096160.0 0
