1755603500210 13355.8369140625 0
1755603500405 12707.39453125 1
1755603500608 12297.0693359375 2
1755603500817 12067.482421875 3
1755603501030 11952.5869140625 4
1755603501238 11853.34375 5
1755603501439 11770.6474609375 6
1755603501641 11691.232421875 7
1755603501849 11619.181640625 8
1755603502056 11541.712890625 9
1755603502278 11475.0751953125 10
1755603502488 11405.5556640625 11
1755603502696 11329.076171875 12
1755603502904 11263.0888671875 13
1755603503106 11201.1611328125 14
1755603503323 11128.0771484375 15
1755603503533 11066.658203125 16
1755603503738 10996.205078125 17
1755603503954 10927.435546875 18
1755603504162 10859.615234375 19
1755603504373 10794.5322265625 20
1755603504585 10724.513671875 21
1755603504798 10670.2646484375 22
1755603505008 10598.443359375 23
1755603505222 10539.4921875 24
1755603505436 10471.5673828125 25
1755603505648 10402.6416015625 26
1755603505860 10350.0595703125 27
1755603506076 10283.8701171875 28
1755603506295 10220.0224609375 29
1755603506519 10160.3671875 30
1755603506745 10098.5986328125 31
1755603506974 10039.40234375 32
1755603507200 9972.451171875 33
1755603507427 9921.1162109375 34
1755603507654 9853.8154296875 35
1755603507882 9798.8974609375 36
1755603508113 9741.2041015625 37
1755603508342 9681.1767578125 38
1755603508575 9623.8984375 39
1755603508807 9566.6328125 40
1755603509044 9508.6015625 41
1755603509281 9445.056640625 42
1755603509513 9387.822265625 43
1755603509745 9328.76953125 44
1755603509983 9281.0107421875 45
1755603510223 9219.4453125 46
1755603510459 9161.5126953125 47
1755603510690 9101.404296875 48
1755603510933 9040.33203125 49
1755603511177 8988.2333984375 50
1755603511416 8927.5322265625 51
1755603511656 8881.716796875 52
1755603511897 8818.9033203125 53
1755603512137 8760.8896484375 54
1755603512379 8707.0185546875 55
1755603512622 8660.275390625 56
1755603512865 8599.080078125 57
1755603513105 8545.97265625 58
1755603513355 8496.0986328125 59
1755603513596 8440.595703125 60
1755603513835 8388.0869140625 61
1755603514079 8346.9951171875 62
1755603514326 8285.0439453125 63
1755603514572 8236.359375 64
1755603514818 8189.12158203125 65
1755603515067 8134.61962890625 66
1755603515313 8097.17333984375 67
1755603515564 8033.68115234375 68
1755603515815 7988.63232421875 69
1755603516063 7938.26318359375 70
1755603516315 7895.724609375 71
1755603516563 7840.4140625 72
1755603516817 7793.0068359375 73
1755603517064 7752.7646484375 74
1755603517320 7694.9013671875 75
1755603517572 7645.421875 76
1755603517827 7606.64892578125 77
1755603518095 7547.95458984375 78
1755603518350 7515.81689453125 79
1755603518604 7465.02294921875 80
1755603518858 7420.20068359375 81
1755603519114 7373.36083984375 82
1755603519370 7331.51708984375 83
1755603519626 7297.86083984375 84
1755603519901 7243.83056640625 85
1755603520162 7202.73974609375 86
1755603520420 7151.55712890625 87
1755603520677 7099.44091796875 88
1755603520937 7055.7529296875 89
1755603521199 7010.06201171875 90
1755603521463 6976.03515625 91
1755603521724 6926.03076171875 92
1755603521989 6878.28857421875 93
1755603522257 6836.4755859375 94
1755603522535 6796.82470703125 95
1755603522806 6751.890625 96
1755603523080 6710.84375 97
1755603523342 6676.77783203125 98
1755603523626 6628.455078125 99
1755603500210 13355.8369140625 0
