1755603500191 97.28466796875 0
1755603500384 93.99211883544922 1
1755603500586 91.9336166381836 2
1755603500794 90.78197479248047 3
1755603501009 90.21001434326172 4
1755603501217 89.70989227294922 5
1755603501421 89.29237365722656 6
1755603501620 88.88947296142578 7
1755603501828 88.52547454833984 8
1755603502033 88.13578033447266 9
1755603502255 87.80259704589844 10
1755603502467 87.45172119140625 11
1755603502675 87.0679931640625 12
1755603502878 86.74254608154297 13
1755603503085 86.42701721191406 14
1755603503302 86.05819702148438 15
1755603503512 85.74639129638672 16
1755603503720 85.39542388916016 17
1755603503932 85.04920959472656 18
1755603504141 84.7121353149414 19
1755603504352 84.37857818603516 20
1755603504566 84.03099822998047 21
1755603504776 83.7625732421875 22
1755603504987 83.4009017944336 23
1755603505201 83.10877227783203 24
1755603505414 82.77007293701172 25
1755603505626 82.42285919189453 26
1755603505836 82.14935302734375 27
1755603506052 81.82534790039062 28
1755603506272 81.50933074951172 29
1755603506497 81.21052551269531 30
1755603506725 80.90147399902344 31
1755603506947 80.60763549804688 32
1755603507177 80.25828552246094 33
1755603507405 80.00956726074219 34
1755603507627 79.67424011230469 35
1755603507859 79.39302062988281 36
1755603508087 79.10963439941406 37
1755603508319 78.82723236083984 38
1755603508551 78.52059173583984 39
1755603508784 78.23997497558594 40
1755603509022 77.94984436035156 41
1755603509256 77.63590240478516 42
1755603509489 77.34527587890625 43
1755603509725 77.04402923583984 44
1755603509959 76.80644226074219 45
1755603510197 76.51284790039062 46
1755603510435 76.21729278564453 47
1755603510671 75.92251586914062 48
1755603510905 75.60334777832031 49
1755603511148 75.35844421386719 50
1755603511391 75.06401824951172 51
1755603511626 74.83763885498047 52
1755603511873 74.51087188720703 53
1755603512113 74.21715545654297 54
1755603512354 73.96668243408203 55
1755603512597 73.72554779052734 56
1755603512835 73.41807556152344 57
1755603513083 73.15094757080078 58
1755603513332 72.86842346191406 59
1755603513571 72.64080810546875 60
1755603513807 72.37078094482422 61
1755603514055 72.15399169921875 62
1755603514302 71.86495971679688 63
1755603514544 71.61996459960938 64
1755603514793 71.38313293457031 65
1755603515036 71.12813568115234 66
1755603515286 70.9276351928711 67
1755603515536 70.59837341308594 68
1755603515786 70.40311431884766 69
1755603516036 70.14592742919922 70
1755603516286 69.93317413330078 71
1755603516537 69.64828491210938 72
1755603516786 69.4476318359375 73
1755603517036 69.22686767578125 74
1755603517295 68.93924713134766 75
1755603517544 68.7027587890625 76
1755603517803 68.50028228759766 77
1755603518071 68.22135162353516 78
1755603518323 68.07386779785156 79
1755603518578 67.83370208740234 80
1755603518820 67.5811767578125 81
1755603519089 67.35419464111328 82
1755603519342 67.13758850097656 83
1755603519602 66.97627258300781 84
1755603519876 66.70771026611328 85
1755603520136 66.54220581054688 86
1755603520390 66.26802825927734 87
1755603520647 66.00569915771484 88
1755603520912 65.80870056152344 89
1755603521167 65.55471801757812 90
1755603521436 65.40743255615234 91
1755603521698 65.15841674804688 92
1755603521963 64.92998504638672 93
1755603522223 64.72978210449219 94
1755603522507 64.51632690429688 95
1755603522784 64.31089782714844 96
1755603523052 64.11605834960938 97
1755603523320 63.917789459228516 98
1755603523599 63.7139778137207 99
1755603500191 97.28466796875 0
