1755603500224 115.56745910644531 0
1755603500426 112.72708129882812 1
1755603500628 110.89215087890625 2
1755603500842 109.85209655761719 3
1755603501051 109.32788848876953 4
1755603501259 108.87306213378906 5
1755603501463 108.49261474609375 6
1755603501665 108.1259994506836 7
1755603501863 107.79230499267578 8
1755603502078 107.43236541748047 9
1755603502301 107.12178039550781 10
1755603502511 106.79679870605469 11
1755603502717 106.4381332397461 12
1755603502925 106.12770080566406 13
1755603503134 105.83554077148438 14
1755603503343 105.48970031738281 15
1755603503554 105.19818878173828 16
1755603503762 104.86279296875 17
1755603503975 104.53437805175781 18
1755603504182 104.20948028564453 19
1755603504391 103.89673614501953 20
1755603504606 103.5592269897461 21
1755603504819 103.2969741821289 22
1755603505030 102.94873809814453 23
1755603505238 102.66202545166016 24
1755603505457 102.33067321777344 25
1755603505668 101.99333953857422 26
1755603505881 101.73524475097656 27
1755603506096 101.40941619873047 28
1755603506318 101.09412384033203 29
1755603506537 100.79864501953125 30
1755603506772 100.49178314208984 31
1755603506997 100.19681549072266 32
1755603507224 99.8621597290039 33
1755603507447 99.60479736328125 34
1755603507677 99.26638793945312 35
1755603507905 98.9893798828125 36
1755603508137 98.69754028320312 37
1755603508362 98.39297485351562 38
1755603508597 98.10147094726562 39
1755603508821 97.80916595458984 40
1755603509065 97.5120620727539 41
1755603509303 97.18568420410156 42
1755603509537 96.89077758789062 43
1755603509766 96.58555603027344 44
1755603510002 96.33800506591797 45
1755603510245 96.0179443359375 46
1755603510483 95.71578979492188 47
1755603510719 95.40128326416016 48
1755603510957 95.08065795898438 49
1755603511200 94.8062973022461 50
1755603511440 94.4856185913086 51
1755603511682 94.24285888671875 52
1755603511920 93.90901947021484 53
1755603512160 93.59962463378906 54
1755603512402 93.31140899658203 55
1755603512641 93.06060028076172 56
1755603512883 92.7312240600586 57
1755603513126 92.44442749023438 58
1755603513380 92.17428588867188 59
1755603513620 91.87271118164062 60
1755603513859 91.58650207519531 61
1755603514103 91.36189270019531 62
1755603514351 91.022216796875 63
1755603514596 90.75438690185547 64
1755603514842 90.49376678466797 65
1755603515085 90.19212341308594 66
1755603515335 89.98429870605469 67
1755603515584 89.63080596923828 68
1755603515838 89.379150390625 69
1755603516090 89.09693145751953 70
1755603516335 88.8578872680664 71
1755603516592 88.54611206054688 72
1755603516842 88.27800750732422 73
1755603517093 88.0497817993164 74
1755603517342 87.72058868408203 75
1755603517592 87.43810272216797 76
1755603517858 87.21610260009766 77
1755603518121 86.87896728515625 78
1755603518374 86.69380950927734 79
1755603518627 86.4003677368164 80
1755603518883 86.14058685302734 81
1755603519140 85.86827850341797 82
1755603519390 85.62427520751953 83
1755603519652 85.42752075195312 84
1755603519928 85.1106948852539 85
1755603520182 84.86895751953125 86
1755603520445 84.56687927246094 87
1755603520703 84.2581787109375 88
1755603520964 83.99852752685547 89
1755603521225 83.72611236572266 90
1755603521487 83.52265930175781 91
1755603521745 83.2227783203125 92
1755603522016 82.9354476928711 93
1755603522279 82.6829833984375 94
1755603522563 82.44285583496094 95
1755603522838 82.16989135742188 96
1755603523106 81.91973876953125 97
1755603523372 81.71155548095703 98
1755603523647 81.41532135009766 99
1755603500224 115.56745910644531 0
