1755081312127 90.82017517089844 0
1755081312325 87.09166717529297 1
1755081312534 84.9129409790039 2
1755081312743 83.65276336669922 3
1755081312950 82.67089080810547 4
1755081313159 81.8465805053711 5
1755081313367 81.1349105834961 6
1755081313579 80.50977325439453 7
1755081313811 79.87361145019531 8
1755081314021 79.29452514648438 9
1755081314229 78.73326873779297 10
1755081314440 78.14766693115234 11
1755081314656 77.62995910644531 12
1755081314869 77.10901641845703 13
1755081315083 76.5952377319336 14
1755081315301 75.98817443847656 15
1755081315519 75.52679443359375 16
1755081315735 75.07964324951172 17
1755081315953 74.58023834228516 18
1755081316168 74.04386138916016 19
1755081316386 73.51885986328125 20
1755081316603 73.08213806152344 21
1755081316822 72.6310806274414 22
1755081317040 72.10181427001953 23
1755081317261 71.66883850097656 24
1755081317490 71.21253967285156 25
1755081317713 70.70210266113281 26
1755081317936 70.26985168457031 27
1755081318161 69.86547088623047 28
1755081318387 69.40222930908203 29
1755081318615 69.01722717285156 30
1755081318845 68.54618072509766 31
1755081319073 68.11619567871094 32
1755081319309 67.7286148071289 33
1755081319540 67.27278900146484 34
1755081319772 66.79639434814453 35
1755081320005 66.45185089111328 36
1755081320242 66.01309967041016 37
1755081320477 65.61656951904297 38
1755081320712 65.27272033691406 39
1755081320946 64.8743896484375 40
1755081321181 64.5307388305664 41
1755081321421 64.10285949707031 42
1755081321658 63.72207260131836 43
1755081321895 63.33470153808594 44
1755081322145 62.9998779296875 45
1755081322400 62.6271858215332 46
1755081322681 62.32241439819336 47
1755081322923 61.97293472290039 48
1755081323160 61.58268737792969 49
1755081323402 61.228885650634766 50
1755081323649 60.89395523071289 51
1755081323897 60.55570983886719 52
1755081324148 60.24929428100586 53
1755081324391 59.89376449584961 54
1755081324635 59.55482482910156 55
1755081324879 59.250308990478516 56
1755081325121 58.94371032714844 57
1755081325363 58.65693664550781 58
1755081325626 58.32020568847656 59
1755081325876 58.024112701416016 60
1755081326129 57.714378356933594 61
1755081326374 57.47413635253906 62
1755081326619 57.1576042175293 63
1755081326870 56.85036849975586 64
1755081327117 56.593116760253906 65
1755081327366 56.345516204833984 66
1755081327615 56.07034683227539 67
1755081327861 55.819766998291016 68
1755081328107 55.53818893432617 69
1755081328354 55.363712310791016 70
1755081328603 55.06032180786133 71
1755081328867 54.814266204833984 72
1755081329120 54.580684661865234 73
1755081329376 54.35446548461914 74
1755081329629 54.103511810302734 75
1755081329880 53.88179397583008 76
1755081330141 53.672218322753906 77
1755081330401 53.46060562133789 78
1755081330667 53.28580093383789 79
1755081330965 53.059349060058594 80
1755081331239 52.83454895019531 81
1755081331520 52.653812408447266 82
1755081331787 52.50736618041992 83
1755081332059 52.30958938598633 84
1755081332323 52.11488723754883 85
1755081332597 52.026100158691406 86
1755081332859 51.7601318359375 87
1755081333122 51.68048095703125 88
1755081333385 51.50445556640625 89
1755081333651 51.33359909057617 90
1755081333931 51.19639587402344 91
1755081334193 51.09407043457031 92
1755081334455 50.906982421875 93
1755081334718 50.7100944519043 94
1755081334981 50.66158676147461 95
1755081335255 50.55109786987305 96
1755081335518 50.406795501708984 97
1755081335789 50.32468032836914 98
1755081336056 50.13904571533203 99
1755081312127 90.82017517089844 0
