1755081312145 168399568.0 0
1755081312346 120435552.0 1
1755081312555 101195840.0 2
1755081312764 89796288.0 3
1755081312970 83581016.0 4
1755081313181 76231504.0 5
1755081313388 73086872.0 6
1755081313600 68448000.0 7
1755081313832 63689560.0 8
1755081314041 62556976.0 9
1755081314250 58547012.0 10
1755081314462 54700868.0 11
1755081314678 52128040.0 12
1755081314890 49465412.0 13
1755081315104 46464120.0 14
1755081315323 44653224.0 15
1755081315541 44798968.0 16
1755081315757 40874080.0 17
1755081315974 39022416.0 18
1755081316190 36534012.0 19
1755081316408 34518620.0 20
1755081316625 33030508.0 21
1755081316844 32045998.0 22
1755081317062 30725484.0 23
1755081317284 28399744.0 24
1755081317512 27043604.0 25
1755081317736 25903604.0 26
1755081317959 24409892.0 27
1755081318184 23214586.0 28
1755081318410 22112690.0 29
1755081318638 21160696.0 30
1755081318867 20000160.0 31
1755081319096 19331278.0 32
1755081319332 18205436.0 33
1755081319564 17019728.0 34
1755081319796 16913944.0 35
1755081320028 15688194.0 36
1755081320265 15144579.0 37
1755081320501 14447137.0 38
1755081320735 13140874.0 39
1755081320970 12918678.0 40
1755081321205 12385405.0 41
1755081321444 11445209.0 42
1755081321682 11310747.0 43
1755081321920 10688666.0 44
1755081322172 9876831.0 45
1755081322429 9403287.0 46
1755081322706 8902655.0 47
1755081322947 8574877.0 48
1755081323185 8475617.0 49
1755081323426 7682108.0 50
1755081323674 7534042.0 51
1755081323924 7146573.0 52
1755081324173 6478235.0 53
1755081324414 6805582.0 54
1755081324661 5886000.0 55
1755081324903 5693100.0 56
1755081325146 5535824.0 57
1755081325388 5272802.5 58
1755081325652 4746682.0 59
1755081325902 4560682.5 60
1755081326153 4512861.0 61
1755081326399 4378902.5 62
1755081326645 3954885.5 63
1755081326894 3973685.0 64
1755081327141 3685042.0 65
1755081327390 3414192.0 66
1755081327639 3439299.0 67
1755081327885 3392504.0 68
1755081328132 2983926.5 69
1755081328380 2806536.5 70
1755081328628 2743643.75 71
1755081328891 2576263.25 72
1755081329146 2401862.5 73
1755081329401 2291467.0 74
1755081329654 2337604.25 75
1755081329906 2175884.25 76
1755081330166 2098021.0 77
1755081330427 1739354.5 78
1755081330696 2077406.125 79
1755081330992 1764245.625 80
1755081331270 1583071.125 81
1755081331548 1610804.75 82
1755081331813 1509970.875 83
1755081332085 1462822.625 84
1755081332351 1334950.5 85
1755081332624 1363548.75 86
1755081332887 1273797.125 87
1755081333148 1094396.375 88
1755081333412 1119639.5 89
1755081333678 1118175.375 90
1755081333957 1036143.375 91
1755081334219 1000264.625 92
1755081334481 956622.25 93
1755081334743 944907.4375 94
1755081335007 815483.0 95
1755081335281 773579.1875 96
1755081335547 721942.5625 97
1755081335815 709643.8125 98
1755081336083 727088.3125 99
1755081312145 168399568.0 0
