1755081312185 12036.916015625 0
1755081312388 11328.904296875 1
1755081312596 10917.861328125 2
1755081312805 10678.064453125 3
1755081313012 10491.9326171875 4
1755081313223 10334.8740234375 5
1755081313429 10200.453125 6
1755081313643 10080.6943359375 7
1755081313874 9959.619140625 8
1755081314083 9850.541015625 9
1755081314291 9742.005859375 10
1755081314506 9629.15234375 11
1755081314721 9531.3056640625 12
1755081314933 9430.1044921875 13
1755081315146 9332.568359375 14
1755081315368 9217.6044921875 15
1755081315584 9129.935546875 16
1755081315802 9042.7705078125 17
1755081316018 8946.6435546875 18
1755081316235 8844.7060546875 19
1755081316453 8744.359375 20
1755081316668 8659.052734375 21
1755081316888 8574.1064453125 22
1755081317105 8473.15625 23
1755081317328 8387.6533203125 24
1755081317557 8299.10546875 25
1755081317780 8201.541015625 26
1755081318006 8119.591796875 27
1755081318229 8040.62060546875 28
1755081318458 7950.65771484375 29
1755081318682 7874.01806640625 30
1755081318912 7784.89453125 31
1755081319142 7703.00927734375 32
1755081319377 7626.6171875 33
1755081319610 7539.7060546875 34
1755081319842 7445.4091796875 35
1755081320075 7378.2587890625 36
1755081320312 7292.564453125 37
1755081320548 7217.4921875 38
1755081320782 7151.96533203125 39
1755081321016 7076.85791015625 40
1755081321252 7004.4970703125 41
1755081321492 6921.92724609375 42
1755081321729 6850.35205078125 43
1755081321970 6770.50927734375 44
1755081322223 6709.173828125 45
1755081322482 6633.45556640625 46
1755081322754 6574.85205078125 47
1755081322993 6504.87255859375 48
1755081323233 6425.65869140625 49
1755081323475 6360.77734375 50
1755081323723 6292.6298828125 51
1755081323978 6229.44482421875 52
1755081324222 6164.55126953125 53
1755081324463 6093.74072265625 54
1755081324710 6026.13916015625 55
1755081324951 5966.96240234375 56
1755081325195 5908.69580078125 57
1755081325438 5849.044921875 58
1755081325702 5783.763671875 59
1755081325954 5724.88671875 60
1755081326203 5663.2958984375 61
1755081326448 5611.1640625 62
1755081326694 5549.1337890625 63
1755081326945 5490.6328125 64
1755081327190 5436.1572265625 65
1755081327440 5387.47265625 66
1755081327690 5325.2802734375 67
1755081327935 5277.3486328125 68
1755081328182 5224.85009765625 69
1755081328429 5184.87841796875 70
1755081328678 5123.37890625 71
1755081328943 5075.1591796875 72
1755081329198 5029.181640625 73
1755081329451 4982.396484375 74
1755081329704 4932.05712890625 75
1755081329956 4886.65576171875 76
1755081330218 4841.1884765625 77
1755081330478 4797.92333984375 78
1755081330751 4760.8232421875 79
1755081331044 4710.783203125 80
1755081331323 4666.541015625 81
1755081331601 4631.69775390625 82
1755081331866 4593.8681640625 83
1755081332139 4549.279296875 84
1755081332403 4516.2958984375 85
1755081332676 4487.2158203125 86
1755081332939 4441.04833984375 87
1755081333199 4416.85400390625 88
1755081333466 4380.19140625 89
1755081333730 4344.23583984375 90
1755081334010 4315.57861328125 91
1755081334271 4286.94775390625 92
1755081334534 4250.89599609375 93
1755081334797 4210.2177734375 94
1755081335060 4190.5341796875 95
1755081335334 4165.1474609375 96
1755081335601 4133.3212890625 97
1755081335868 4111.02880859375 98
1755081336136 4078.712646484375 99
1755081312185 12036.916015625 0
