1755081312165 91.50887298583984 0
1755081312367 87.7807846069336 1
1755081312576 85.60163879394531 2
1755081312784 84.3414077758789 3
1755081312991 83.35934448242188 4
1755081313202 82.53488159179688 5
1755081313409 81.82369995117188 6
1755081313623 81.19841766357422 7
1755081313853 80.56236267089844 8
1755081314062 79.98272705078125 9
1755081314271 79.42194366455078 10
1755081314484 78.83619689941406 11
1755081314700 78.31889343261719 12
1755081314911 77.79783630371094 13
1755081315125 77.28350830078125 14
1755081315345 76.67693328857422 15
1755081315561 76.21492004394531 16
1755081315779 75.76815795898438 17
1755081315995 75.26892852783203 18
1755081316212 74.73218536376953 19
1755081316430 74.20770263671875 20
1755081316646 73.77039337158203 21
1755081316865 73.31927490234375 22
1755081317084 72.79025268554688 23
1755081317306 72.35767364501953 24
1755081317534 71.90132904052734 25
1755081317758 71.39071655273438 26
1755081317982 70.95787811279297 27
1755081318206 70.55442810058594 28
1755081318434 70.0907974243164 29
1755081318660 69.70559692382812 30
1755081318889 69.23468017578125 31
1755081319118 68.80499267578125 32
1755081319354 68.41728973388672 33
1755081319588 67.96134948730469 34
1755081319819 67.48493194580078 35
1755081320051 67.140625 36
1755081320288 66.7020034790039 37
1755081320523 66.30531311035156 38
1755081320758 65.9612045288086 39
1755081320993 65.56261444091797 40
1755081321228 65.21942138671875 41
1755081321468 64.79170227050781 42
1755081321706 64.41041564941406 43
1755081321944 64.0235366821289 44
1755081322197 63.6885871887207 45
1755081322456 63.31596755981445 46
1755081322730 63.01060485839844 47
1755081322970 62.66122055053711 48
1755081323209 62.27180099487305 49
1755081323449 61.91767883300781 50
1755081323698 61.5824089050293 51
1755081323951 61.244117736816406 52
1755081324198 60.937740325927734 53
1755081324438 60.58223342895508 54
1755081324685 60.24339294433594 55
1755081324928 59.938209533691406 56
1755081325170 59.632083892822266 57
1755081325412 59.345726013183594 58
1755081325677 59.00874328613281 59
1755081325928 58.71269226074219 60
1755081326178 58.40260314941406 61
1755081326423 58.162776947021484 62
1755081326669 57.846092224121094 63
1755081326920 57.539093017578125 64
1755081327166 57.28175354003906 65
1755081327415 57.03410720825195 66
1755081327665 56.758846282958984 67
1755081327910 56.50831985473633 68
1755081328158 56.22705078125 69
1755081328404 56.05241394042969 70
1755081328652 55.74871063232422 71
1755081328917 55.503456115722656 72
1755081329172 55.269039154052734 73
1755081329425 55.04283142089844 74
1755081329679 54.79176330566406 75
1755081329931 54.57019805908203 76
1755081330193 54.36083221435547 77
1755081330452 54.149070739746094 78
1755081330722 53.9742317199707 79
1755081331017 53.74812316894531 80
1755081331295 53.52330017089844 81
1755081331575 53.34260940551758 82
1755081331840 53.19573211669922 83
1755081332112 52.997928619384766 84
1755081332377 52.80353546142578 85
1755081332650 52.714744567871094 86
1755081332914 52.44865798950195 87
1755081333174 52.36932373046875 88
1755081333440 52.19283676147461 89
1755081333704 52.0224494934082 90
1755081333984 51.88481903076172 91
1755081334245 51.78279495239258 92
1755081334508 51.595638275146484 93
1755081334769 51.39909744262695 94
1755081335034 51.35047149658203 95
1755081335307 51.2398681640625 96
1755081335573 51.095523834228516 97
1755081335841 51.013389587402344 98
1755081336110 50.82754135131836 99
1755081312165 91.50887298583984 0
