1755081312205 109.71288299560547 0
1755081312409 106.43732452392578 1
1755081312618 104.48857116699219 2
1755081312826 103.334716796875 3
1755081313035 102.43013763427734 4
1755081313243 101.66058349609375 5
1755081313451 100.9972915649414 6
1755081313664 100.40266418457031 7
1755081313895 99.79788970947266 8
1755081314103 99.24989318847656 9
1755081314312 98.70159912109375 10
1755081314527 98.12824249267578 11
1755081314742 97.62840270996094 12
1755081314955 97.10872650146484 13
1755081315168 96.60521697998047 14
1755081315390 96.00835418701172 15
1755081315605 95.55069732666016 16
1755081315823 95.0934829711914 17
1755081316040 94.58670043945312 18
1755081316256 94.04629516601562 19
1755081316474 93.51127624511719 20
1755081316691 93.05403137207031 21
1755081316911 92.59647369384766 22
1755081317127 92.04975128173828 23
1755081317351 91.5841293334961 24
1755081317579 91.09942626953125 25
1755081317803 90.56236267089844 26
1755081318029 90.10877990722656 27
1755081318250 89.66950988769531 28
1755081318479 89.16645812988281 29
1755081318705 88.73566436767578 30
1755081318935 88.23204803466797 31
1755081319166 87.76679229736328 32
1755081319400 87.33050537109375 33
1755081319633 86.83148193359375 34
1755081319866 86.28678131103516 35
1755081320099 85.89678955078125 36
1755081320335 85.39651489257812 37
1755081320571 84.95582580566406 38
1755081320805 84.56929016113281 39
1755081321040 84.12406158447266 40
1755081321276 83.69287109375 41
1755081321515 83.1981201171875 42
1755081321752 82.76685333251953 43
1755081321995 82.2831039428711 44
1755081322251 81.9095458984375 45
1755081322506 81.44602966308594 46
1755081322777 81.08546447753906 47
1755081323017 80.65279388427734 48
1755081323257 80.16020965576172 49
1755081323500 79.75447845458984 50
1755081323751 79.32609558105469 51
1755081324002 78.92683410644531 52
1755081324246 78.51465606689453 53
1755081324488 78.06241607666016 54
1755081324734 77.62821197509766 55
1755081324976 77.2461166381836 56
1755081325219 76.8680419921875 57
1755081325463 76.47904968261719 58
1755081325726 76.05105590820312 59
1755081325980 75.66297912597656 60
1755081326227 75.25487518310547 61
1755081326473 74.90770721435547 62
1755081326719 74.49250793457031 63
1755081326970 74.09880065917969 64
1755081327214 73.73030090332031 65
1755081327465 73.39940643310547 66
1755081327714 72.97451782226562 67
1755081327959 72.6453628540039 68
1755081328207 72.28312683105469 69
1755081328454 72.006103515625 70
1755081328703 71.5777816772461 71
1755081328968 71.24015045166016 72
1755081329222 70.9167251586914 73
1755081329477 70.58609008789062 74
1755081329730 70.22860717773438 75
1755081329982 69.90461730957031 76
1755081330244 69.57865142822266 77
1755081330504 69.26704406738281 78
1755081330777 68.99871826171875 79
1755081331070 68.63514709472656 80
1755081331352 68.31208801269531 81
1755081331627 68.05657958984375 82
1755081331893 67.77808380126953 83
1755081332166 67.44834899902344 84
1755081332430 67.2033920288086 85
1755081332702 66.98668670654297 86
1755081332966 66.64118957519531 87
1755081333227 66.45941925048828 88
1755081333493 66.18301391601562 89
1755081333756 65.91082000732422 90
1755081334036 65.69306182861328 91
1755081334297 65.47478485107422 92
1755081334560 65.19889831542969 93
1755081334823 64.88619232177734 94
1755081335086 64.73433685302734 95
1755081335360 64.53795623779297 96
1755081335629 64.29090881347656 97
1755081335895 64.11730194091797 98
1755081336163 63.86479949951172 99
1755081312205 109.71288299560547 0
