1755081834457 92.91368865966797 0
1755081834657 90.9195327758789 1
1755081834867 88.82149505615234 2
1755081835078 87.58293914794922 3
1755081835358 86.8664321899414 4
1755081835569 86.41278076171875 5
1755081835777 85.9930191040039 6
1755081835991 85.6304931640625 7
1755081836201 85.26887512207031 8
1755081836415 84.98350524902344 9
1755081836625 84.58203887939453 10
1755081836839 84.2390365600586 11
1755081837049 83.92062377929688 12
1755081837263 83.61116027832031 13
1755081837479 83.29253387451172 14
1755081837694 82.96448516845703 15
1755081837909 82.6705322265625 16
1755081838127 82.34142303466797 17
1755081838346 82.0506820678711 18
1755081838564 81.72570037841797 19
1755081838788 81.45523834228516 20
1755081839036 81.15042114257812 21
1755081839273 80.85179901123047 22
1755081839509 80.57652282714844 23
1755081839743 80.25611877441406 24
1755081839982 79.92349243164062 25
1755081840231 79.65046691894531 26
1755081840481 79.35670471191406 27
1755081840715 79.07955169677734 28
1755081840957 78.78009033203125 29
1755081841186 78.51325988769531 30
1755081841417 78.20274353027344 31
1755081841650 77.95186614990234 32
1755081841897 77.64081573486328 33
1755081842139 77.38159942626953 34
1755081842377 77.06275177001953 35
1755081842616 76.79198455810547 36
1755081842856 76.54077911376953 37
1755081843095 76.24552154541016 38
1755081843335 75.93305969238281 39
1755081843572 75.6639633178711 40
1755081843814 75.4695816040039 41
1755081844052 75.15609741210938 42
1755081844289 74.861572265625 43
1755081844527 74.61711120605469 44
1755081844767 74.36033630371094 45
1755081845004 74.07494354248047 46
1755081845243 73.80400085449219 47
1755081845481 73.55770874023438 48
1755081845723 73.28814697265625 49
1755081845963 73.03312683105469 50
1755081846203 72.76264953613281 51
1755081846444 72.47613525390625 52
1755081846687 72.19625854492188 53
1755081846934 71.97362518310547 54
1755081847183 71.7316665649414 55
1755081847427 71.443115234375 56
1755081847671 71.21821594238281 57
1755081847919 70.9665756225586 58
1755081848166 70.71031188964844 59
1755081848414 70.46088409423828 60
1755081848662 70.1990737915039 61
1755081848911 69.94676971435547 62
1755081849156 69.67558288574219 63
1755081849405 69.46614837646484 64
1755081849653 69.25984191894531 65
1755081849902 69.0488052368164 66
1755081850150 68.77229309082031 67
1755081850407 68.54434967041016 68
1755081850658 68.3108901977539 69
1755081850910 68.06768798828125 70
1755081851163 67.82367706298828 71
1755081851419 67.5785140991211 72
1755081851673 67.40654754638672 73
1755081851927 67.1109619140625 74
1755081852181 66.90364837646484 75
1755081852436 66.71321868896484 76
1755081852690 66.4681167602539 77
1755081852948 66.23542022705078 78
1755081853206 66.0678482055664 79
1755081853462 65.87506866455078 80
1755081853720 65.6633071899414 81
1755081853981 65.42505645751953 82
1755081854240 65.23329162597656 83
1755081854497 64.99496459960938 84
1755081854756 64.75321197509766 85
1755081855014 64.55638122558594 86
1755081855276 64.36857604980469 87
1755081855545 64.19160461425781 88
1755081855867 63.94236755371094 89
1755081856151 63.77316665649414 90
1755081856419 63.53300094604492 91
1755081856686 63.375125885009766 92
1755081856954 63.11962127685547 93
1755081857217 62.96000671386719 94
1755081857481 62.75148010253906 95
1755081857745 62.55370330810547 96
1755081858015 62.376502990722656 97
1755081858284 62.229644775390625 98
1755081858550 62.00959396362305 99
1755081834457 92.91368865966797 0
