1755081834476 195023008.0 0
1755081834678 168954080.0 1
1755081834888 139578096.0 2
1755081835098 127714152.0 3
1755081835378 119613952.0 4
1755081835590 115521904.0 5
1755081835798 109561224.0 6
1755081836012 108495768.0 7
1755081836222 103845008.0 8
1755081836436 101056552.0 9
1755081836647 99511760.0 10
1755081836859 95705744.0 11
1755081837070 92032200.0 12
1755081837285 91107208.0 13
1755081837500 87691048.0 14
1755081837715 85062928.0 15
1755081837931 83249320.0 16
1755081838150 81154608.0 17
1755081838368 78658736.0 18
1755081838588 77440088.0 19
1755081838812 74534792.0 20
1755081839059 72141632.0 21
1755081839297 70963576.0 22
1755081839532 69035144.0 23
1755081839767 66201260.0 24
1755081840006 64684304.0 25
1755081840255 64385384.0 26
1755081840506 62786856.0 27
1755081840740 59740300.0 28
1755081840981 59068392.0 29
1755081841209 55344656.0 30
1755081841441 55236864.0 31
1755081841673 53615216.0 32
1755081841922 52956604.0 33
1755081842162 51703616.0 34
1755081842402 49343204.0 35
1755081842640 48872740.0 36
1755081842880 47545776.0 37
1755081843119 46780716.0 38
1755081843357 46283508.0 39
1755081843597 42378472.0 40
1755081843838 40630876.0 41
1755081844075 42192868.0 42
1755081844313 40319432.0 43
1755081844551 38017824.0 44
1755081844791 38579392.0 45
1755081845028 38071892.0 46
1755081845266 34176756.0 47
1755081845506 34273288.0 48
1755081845746 34443456.0 49
1755081845987 31239288.0 50
1755081846228 31942816.0 51
1755081846469 31269706.0 52
1755081846711 32173166.0 53
1755081846960 29057784.0 54
1755081847207 29189580.0 55
1755081847450 27771924.0 56
1755081847695 27165358.0 57
1755081847943 26828058.0 58
1755081848191 25322032.0 59
1755081848439 24607532.0 60
1755081848687 24649080.0 61
1755081848935 23585308.0 62
1755081849182 23420942.0 63
1755081849430 23025482.0 64
1755081849678 22293808.0 65
1755081849926 21415224.0 66
1755081850175 21566216.0 67
1755081850434 19742418.0 68
1755081850682 19041476.0 69
1755081850936 18629898.0 70
1755081851189 18789590.0 71
1755081851444 17868176.0 72
1755081851698 17634974.0 73
1755081851952 17486174.0 74
1755081852207 17082196.0 75
1755081852461 16846854.0 76
1755081852716 16221367.0 77
1755081852974 15576448.0 78
1755081853231 15426102.0 79
1755081853487 14489334.0 80
1755081853746 13866287.0 81
1755081854006 13439891.0 82
1755081854266 13625061.0 83
1755081854522 13181695.0 84
1755081854781 12913720.0 85
1755081855040 13050262.0 86
1755081855303 12334462.0 87
1755081855572 11898399.0 88
1755081855896 11063468.0 89
1755081856178 11014852.0 90
1755081856446 11473851.0 91
1755081856712 10780883.0 92
1755081856980 10732551.0 93
1755081857244 10516711.0 94
1755081857507 9347794.0 95
1755081857772 9337411.0 96
1755081858042 9079437.0 97
1755081858310 9186586.0 98
1755081858577 8765100.0 99
1755081834476 195023008.0 0
