1755081834494 93.60283660888672 0
1755081834700 91.60816955566406 1
1755081834908 89.51007843017578 2
1755081835119 88.2717056274414 3
1755081835400 87.5547103881836 4
1755081835611 87.10137176513672 5
1755081835820 86.68138122558594 6
1755081836034 86.31903076171875 7
1755081836243 85.95758819580078 8
1755081836458 85.67203521728516 9
1755081836667 85.27043151855469 10
1755081836881 84.92750549316406 11
1755081837091 84.6093978881836 12
1755081837306 84.29985046386719 13
1755081837522 83.98067474365234 14
1755081837736 83.65314483642578 15
1755081837952 83.35919189453125 16
1755081838172 83.03016662597656 17
1755081838389 82.7389907836914 18
1755081838610 82.41425323486328 19
1755081838837 82.14374542236328 20
1755081839082 81.83845520019531 21
1755081839320 81.54058074951172 22
1755081839556 81.26522064208984 23
1755081839791 80.94503021240234 24
1755081840033 80.61255645751953 25
1755081840279 80.339111328125 26
1755081840527 80.04558563232422 27
1755081840763 79.7684097290039 28
1755081841003 79.46866607666016 29
1755081841231 79.20206451416016 30
1755081841464 78.89115905761719 31
1755081841701 78.64009094238281 32
1755081841947 78.32930755615234 33
1755081842186 78.07013702392578 34
1755081842425 77.7515640258789 35
1755081842664 77.48049926757812 36
1755081842905 77.22953033447266 37
1755081843143 76.93415832519531 38
1755081843382 76.62151336669922 39
1755081843620 76.35284423828125 40
1755081843861 76.15843963623047 41
1755081844099 75.84473419189453 42
1755081844336 75.55014038085938 43
1755081844574 75.30549621582031 44
1755081844814 75.04874420166016 45
1755081845051 74.76307678222656 46
1755081845290 74.49250793457031 47
1755081845529 74.24617004394531 48
1755081845770 73.9767074584961 49
1755081846010 73.72151184082031 50
1755081846252 73.45113372802734 51
1755081846494 73.1646957397461 52
1755081846736 72.88507080078125 53
1755081846985 72.66187286376953 54
1755081847231 72.42022705078125 55
1755081847475 72.13169860839844 56
1755081847720 71.90646362304688 57
1755081847967 71.65507507324219 58
1755081848215 71.39897918701172 59
1755081848463 71.14954376220703 60
1755081848711 70.8875961303711 61
1755081848960 70.6347427368164 62
1755081849208 70.3644027709961 63
1755081849455 70.15519714355469 64
1755081849703 69.94840240478516 65
1755081849951 69.73716735839844 66
1755081850199 69.46088409423828 67
1755081850459 69.2327880859375 68
1755081850708 68.99961853027344 69
1755081850962 68.75568389892578 70
1755081851214 68.51199340820312 71
1755081851468 68.26770782470703 72
1755081851723 68.09557342529297 73
1755081851977 67.79931640625 74
1755081852232 67.59255981445312 75
1755081852487 67.40203857421875 76
1755081852741 67.15704345703125 77
1755081852999 66.9237060546875 78
1755081853256 66.75642395019531 79
1755081853512 66.56381225585938 80
1755081853772 66.3517074584961 81
1755081854032 66.11344146728516 82
1755081854291 65.92198181152344 83
1755081854549 65.68318176269531 84
1755081854806 65.44168853759766 85
1755081855065 65.24468994140625 86
1755081855330 65.05736541748047 87
1755081855606 64.88080596923828 88
1755081855926 64.63130950927734 89
1755081856206 64.46202850341797 90
1755081856472 64.22109985351562 91
1755081856738 64.06394958496094 92
1755081857006 63.80775451660156 93
1755081857270 63.648319244384766 94
1755081857534 63.440025329589844 95
1755081857798 63.242027282714844 96
1755081858069 63.06555938720703 97
1755081858337 62.91836929321289 98
1755081858602 62.69837951660156 99
1755081834494 93.60283660888672 0
