1755081834513 12435.98046875 0
1755081834721 12060.7216796875 1
1755081834929 11661.1640625 2
1755081835151 11425.369140625 3
1755081835422 11289.4375 4
1755081835632 11201.3486328125 5
1755081835840 11122.7060546875 6
1755081836055 11053.9638671875 7
1755081836263 10985.328125 8
1755081836479 10931.2021484375 9
1755081836687 10854.9296875 10
1755081836902 10790.98046875 11
1755081837113 10729.353515625 12
1755081837327 10669.806640625 13
1755081837543 10611.6640625 14
1755081837758 10547.1298828125 15
1755081837975 10490.275390625 16
1755081838194 10429.306640625 17
1755081838410 10372.6787109375 18
1755081838631 10312.1513671875 19
1755081838860 10261.2978515625 20
1755081839107 10203.0986328125 21
1755081839343 10145.9033203125 22
1755081839579 10093.1064453125 23
1755081839813 10032.2666015625 24
1755081840060 9968.990234375 25
1755081840305 9917.390625 26
1755081840549 9860.99609375 27
1755081840789 9807.6416015625 28
1755081841028 9750.12890625 29
1755081841255 9699.4990234375 30
1755081841487 9641.5439453125 31
1755081841727 9590.640625 32
1755081841971 9531.2138671875 33
1755081842210 9484.0224609375 34
1755081842449 9423.82421875 35
1755081842687 9372.4853515625 36
1755081842928 9323.794921875 37
1755081843168 9267.1904296875 38
1755081843406 9206.5986328125 39
1755081843645 9154.6796875 40
1755081843885 9116.0771484375 41
1755081844122 9059.037109375 42
1755081844359 9001.703125 43
1755081844598 8953.275390625 44
1755081844837 8907.3505859375 45
1755081845075 8849.05078125 46
1755081845314 8798.4638671875 47
1755081845554 8750.6455078125 48
1755081845793 8698.9951171875 49
1755081846035 8650.1826171875 50
1755081846276 8598.4697265625 51
1755081846518 8545.21484375 52
1755081846760 8489.3662109375 53
1755081847010 8444.9619140625 54
1755081847255 8398.2099609375 55
1755081847498 8344.6904296875 56
1755081847744 8302.3271484375 57
1755081847992 8254.0595703125 58
1755081848240 8204.0087890625 59
1755081848488 8157.376953125 60
1755081848736 8105.56640625 61
1755081848983 8058.26416015625 62
1755081849232 8005.361328125 63
1755081849480 7963.482421875 64
1755081849727 7921.21875 65
1755081849976 7881.71630859375 66
1755081850224 7832.61376953125 67
1755081850484 7786.82568359375 68
1755081850732 7738.56884765625 69
1755081850987 7695.64013671875 70
1755081851239 7645.6015625 71
1755081851494 7600.65087890625 72
1755081851749 7565.095703125 73
1755081852002 7506.58203125 74
1755081852258 7466.5654296875 75
1755081852512 7430.14013671875 76
1755081852768 7385.63037109375 77
1755081853026 7338.5947265625 78
1755081853281 7307.29052734375 79
1755081853538 7264.494140625 80
1755081853799 7224.91259765625 81
1755081854058 7180.6943359375 82
1755081854318 7145.712890625 83
1755081854574 7095.640625 84
1755081854832 7051.302734375 85
1755081855091 7010.36328125 86
1755081855356 6971.87109375 87
1755081855651 6940.55126953125 88
1755081855955 6892.4794921875 89
1755081856232 6854.70556640625 90
1755081856499 6812.34033203125 91
1755081856765 6778.642578125 92
1755081857032 6731.208984375 93
1755081857297 6695.75341796875 94
1755081857561 6655.64404296875 95
1755081857825 6618.2177734375 96
1755081858096 6583.6865234375 97
1755081858363 6550.98876953125 98
1755081858630 6512.4443359375 99
1755081834513 12435.98046875 0
