1755081834533 111.5167236328125 0
1755081834742 109.82131958007812 1
1755081834950 107.98686981201172 2
1755081835207 106.88951873779297 3
1755081835442 106.25176239013672 4
1755081835653 105.83642578125 5
1755081835861 105.46424102783203 6
1755081836076 105.13783264160156 7
1755081836286 104.8109130859375 8
1755081836500 104.5523910522461 9
1755081836709 104.18699645996094 10
1755081836923 103.87964630126953 11
1755081837133 103.58259582519531 12
1755081837348 103.29475402832031 13
1755081837563 103.01293182373047 14
1755081837780 102.69921875 15
1755081837996 102.42204284667969 16
1755081838215 102.12397766113281 17
1755081838432 101.84635162353516 18
1755081838653 101.54876708984375 19
1755081838891 101.29806518554688 20
1755081839131 101.01039123535156 21
1755081839367 100.72687530517578 22
1755081839604 100.4644546508789 23
1755081839836 100.16120147705078 24
1755081840085 99.84483337402344 25
1755081840331 99.58609771728516 26
1755081840573 99.30255126953125 27
1755081840812 99.03353881835938 28
1755081841050 98.74274444580078 29
1755081841278 98.48603820800781 30
1755081841511 98.19136047363281 31
1755081841751 97.93181610107422 32
1755081841995 97.62793731689453 33
1755081842236 97.38594818115234 34
1755081842472 97.07638549804688 35
1755081842713 96.81159973144531 36
1755081842951 96.55979919433594 37
1755081843193 96.26625061035156 38
1755081843431 95.95101928710938 39
1755081843669 95.68009185791016 40
1755081843908 95.4781494140625 41
1755081844146 95.17897033691406 42
1755081844382 94.87730407714844 43
1755081844621 94.62174987792969 44
1755081844861 94.3787612915039 45
1755081845099 94.06939697265625 46
1755081845338 93.80012512207031 47
1755081845577 93.54488372802734 48
1755081845818 93.26840209960938 49
1755081846059 93.00635528564453 50
1755081846300 92.72793579101562 51
1755081846542 92.4403305053711 52
1755081846787 92.13775634765625 53
1755081847037 91.89647674560547 54
1755081847283 91.6417465209961 55
1755081847526 91.34927368164062 56
1755081847772 91.11710357666016 57
1755081848020 90.85185241699219 58
1755081848267 90.57598114013672 59
1755081848515 90.31819915771484 60
1755081848763 90.03092193603516 61
1755081849008 89.76783752441406 62
1755081849257 89.47268676757812 63
1755081849504 89.23834991455078 64
1755081849752 89.00122833251953 65
1755081850001 88.7790298461914 66
1755081850249 88.5020523071289 67
1755081850509 88.24298858642578 68
1755081850758 87.9691390991211 69
1755081851012 87.72480010986328 70
1755081851264 87.43913269042969 71
1755081851519 87.18170928955078 72
1755081851773 86.9775619506836 73
1755081852028 86.64053344726562 74
1755081852284 86.40928649902344 75
1755081852537 86.19825744628906 76
1755081852793 85.93968963623047 77
1755081853051 85.66559600830078 78
1755081853307 85.4826889038086 79
1755081853563 85.23200225830078 80
1755081853825 84.9994888305664 81
1755081854084 84.73897552490234 82
1755081854342 84.53231811523438 83
1755081854599 84.23562622070312 84
1755081854858 83.97203826904297 85
1755081855117 83.72791290283203 86
1755081855382 83.49773406982422 87
1755081855681 83.30997467041016 88
1755081855984 83.02095794677734 89
1755081856260 82.79315185546875 90
1755081856525 82.53690338134766 91
1755081856793 82.33251190185547 92
1755081857059 82.0439453125 93
1755081857324 81.82758331298828 94
1755081857588 81.5821304321289 95
1755081857851 81.35243225097656 96
1755081858123 81.13992309570312 97
1755081858391 80.93817901611328 98
1755081858656 80.69971466064453 99
1755081834533 111.5167236328125 0
