1755602569588 94.44255828857422 0
1755602569783 91.64148712158203 1
1755602569984 90.97875213623047 2
1755602570193 90.44747161865234 3
1755602570396 90.07598114013672 4
1755602570600 89.71498107910156 5
1755602570804 89.33625793457031 6
1755602571005 88.96836853027344 7
1755602571213 88.58382415771484 8
1755602571432 88.24539184570312 9
1755602571636 87.8708724975586 10
1755602571838 87.5157241821289 11
1755602572045 87.20410919189453 12
1755602572252 86.81798553466797 13
1755602572456 86.46927642822266 14
1755602572662 86.11872863769531 15
1755602572866 85.75016784667969 16
1755602573075 85.45463562011719 17
1755602573282 85.06974029541016 18
1755602573491 84.75765991210938 19
1755602573699 84.41072082519531 20
1755602573907 84.09258270263672 21
1755602574118 83.75112915039062 22
1755602574329 83.4040756225586 23
1755602574540 83.07884979248047 24
1755602574755 82.80139923095703 25
1755602574963 82.43347930908203 26
1755602575175 82.11563873291016 27
1755602575386 81.79715728759766 28
1755602575602 81.4638900756836 29
1755602575824 81.166748046875 30
1755602576039 80.85078430175781 31
1755602576263 80.5345687866211 32
1755602576482 80.19257354736328 33
1755602576706 79.89835357666016 34
1755602576928 79.58023834228516 35
1755602577155 79.26808166503906 36
1755602577381 78.95945739746094 37
1755602577607 78.68212127685547 38
1755602577835 78.40575408935547 39
1755602578067 78.07345581054688 40
1755602578290 77.79035186767578 41
1755602578520 77.4637222290039 42
1755602578748 77.15650177001953 43
1755602578977 76.88018035888672 44
1755602579205 76.58769989013672 45
1755602579452 76.27151489257812 46
1755602579689 75.9893569946289 47
1755602579926 75.70935821533203 48
1755602580162 75.4179916381836 49
1755602580399 75.1749267578125 50
1755602580636 74.88530731201172 51
1755602580876 74.58814239501953 52
1755602581117 74.30165100097656 53
1755602581353 74.0379867553711 54
1755602581591 73.75724792480469 55
1755602581832 73.48388671875 56
1755602582079 73.20464324951172 57
1755602582317 72.94075012207031 58
1755602582554 72.67042541503906 59
1755602582789 72.4232406616211 60
1755602583025 72.12860870361328 61
1755602583266 71.87925720214844 62
1755602583505 71.60700988769531 63
1755602583740 71.34310913085938 64
1755602583991 71.08757019042969 65
1755602584234 70.84420776367188 66
1755602584477 70.61833190917969 67
1755602584720 70.34352111816406 68
1755602584962 70.09774017333984 69
1755602585213 69.84858703613281 70
1755602585459 69.5498275756836 71
1755602585703 69.36085510253906 72
1755602585950 69.12385559082031 73
1755602586195 68.88373565673828 74
1755602586442 68.63862609863281 75
1755602586692 68.40109252929688 76
1755602586941 68.17999267578125 77
1755602587193 67.89141845703125 78
1755602587435 67.67961120605469 79
1755602587691 67.4470443725586 80
1755602587940 67.21463775634766 81
1755602588184 66.98793029785156 82
1755602588440 66.77672576904297 83
1755602588692 66.57107543945312 84
1755602588951 66.34259796142578 85
1755602589206 66.10489654541016 86
1755602589479 65.88228607177734 87
1755602589737 65.67501831054688 88
1755602589999 65.4415054321289 89
1755602590248 65.27207946777344 90
1755602590508 65.06576538085938 91
1755602590765 64.89257049560547 92
1755602591025 64.66422271728516 93
1755602591282 64.4160385131836 94
1755602591539 64.2099609375 95
1755602591798 64.0492935180664 96
1755602592061 63.78131866455078 97
1755602592320 63.61545181274414 98
1755602592581 63.47071075439453 99
1755602569588 94.44255828857422 0
