1755602569610 272127136.0 0
1755602569803 218849456.0 1
1755602569998 208885264.0 2
1755602570213 195986432.0 3
1755602570419 192790304.0 4
1755602570621 187958464.0 5
1755602570824 180488720.0 6
1755602571025 178071072.0 7
1755602571234 171368816.0 8
1755602571452 164802368.0 9
1755602571656 158561152.0 10
1755602571859 153440016.0 11
1755602572066 148543328.0 12
1755602572272 143932560.0 13
1755602572477 140771392.0 14
1755602572682 136004016.0 15
1755602572886 131397640.0 16
1755602573097 126568144.0 17
1755602573304 123731656.0 18
1755602573514 120423104.0 19
1755602573722 120317312.0 20
1755602573928 114528720.0 21
1755602574137 109593704.0 22
1755602574349 107551816.0 23
1755602574565 105635456.0 24
1755602574775 101800688.0 25
1755602574983 96816336.0 26
1755602575196 94620392.0 27
1755602575407 90237248.0 28
1755602575622 90519072.0 29
1755602575845 86933488.0 30
1755602576064 82207000.0 31
1755602576282 79902480.0 32
1755602576505 78335312.0 33
1755602576727 76276120.0 34
1755602576953 75420176.0 35
1755602577177 73292968.0 36
1755602577404 68970864.0 37
1755602577630 68853368.0 38
1755602577859 66195096.0 39
1755602578080 62434104.0 40
1755602578316 60937224.0 41
1755602578540 59119356.0 42
1755602578768 58085588.0 43
1755602579002 55980660.0 44
1755602579234 54333880.0 45
1755602579476 53552320.0 46
1755602579712 51159736.0 47
1755602579950 50780940.0 48
1755602580185 48686088.0 49
1755602580422 46984920.0 50
1755602580660 45727088.0 51
1755602580899 44086040.0 52
1755602581137 41975608.0 53
1755602581377 42627832.0 54
1755602581616 39116452.0 55
1755602581857 38550912.0 56
1755602582103 38982404.0 57
1755602582341 37135816.0 58
1755602582578 33892540.0 59
1755602582814 35584652.0 60
1755602583046 34721940.0 61
1755602583291 32061464.0 62
1755602583525 33316698.0 63
1755602583768 31704478.0 64
1755602584016 28457992.0 65
1755602584259 28878752.0 66
1755602584502 29835786.0 67
1755602584741 27064694.0 68
1755602584991 26368740.0 69
1755602585238 26381188.0 70
1755602585476 26968082.0 71
1755602585726 24582842.0 72
1755602585975 23221200.0 73
1755602586220 24349822.0 74
1755602586467 21846350.0 75
1755602586717 21861256.0 76
1755602586966 21225380.0 77
1755602587217 20861854.0 78
1755602587462 19305998.0 79
1755602587717 20889122.0 80
1755602587962 19289734.0 81
1755602588212 18200988.0 82
1755602588466 16685267.0 83
1755602588719 18368296.0 84
1755602588977 17527580.0 85
1755602589235 16220220.0 86
1755602589504 15540365.0 87
1755602589765 15061512.0 88
1755602590025 14399789.0 89
1755602590277 13446872.0 90
1755602590534 14352452.0 91
1755602590791 12999687.0 92
1755602591046 12361635.0 93
1755602591303 11982297.0 94
1755602591565 12617838.0 95
1755602591824 12057192.0 96
1755602592086 11981818.0 97
1755602592344 11214486.0 98
1755602592607 11033376.0 99
1755602569610 272127136.0 0
