1755602569623 95.13119506835938 0
1755602569824 92.3304443359375 1
1755602570019 91.66778564453125 2
1755602570234 91.13640594482422 3
1755602570436 90.76495361328125 4
1755602570637 90.40377807617188 5
1755602570839 90.02517700195312 6
1755602571047 89.65711975097656 7
1755602571253 89.27265930175781 8
1755602571473 88.93413543701172 9
1755602571676 88.55924987792969 10
1755602571879 88.20453643798828 11
1755602572088 87.8929214477539 12
1755602572290 87.50672912597656 13
1755602572498 87.15801239013672 14
1755602572702 86.80772399902344 15
1755602572907 86.43903350830078 16
1755602573118 86.14324188232422 17
1755602573324 85.75857543945312 18
1755602573535 85.4464111328125 19
1755602573741 85.09939575195312 20
1755602573951 84.78105163574219 21
1755602574159 84.43984985351562 22
1755602574365 84.09296417236328 23
1755602574586 83.76741027832031 24
1755602574798 83.49009704589844 25
1755602575005 83.12232971191406 26
1755602575217 82.80501556396484 27
1755602575428 82.4861831665039 28
1755602575644 82.15292358398438 29
1755602575867 81.85549926757812 30
1755602576086 81.53958129882812 31
1755602576304 81.22337341308594 32
1755602576525 80.88115692138672 33
1755602576749 80.5870132446289 34
1755602576975 80.26927947998047 35
1755602577199 79.95720672607422 36
1755602577426 79.64842987060547 37
1755602577652 79.3709945678711 38
1755602577883 79.09469604492188 39
1755602578112 78.7625503540039 40
1755602578338 78.47928619384766 41
1755602578566 78.15252685546875 42
1755602578796 77.84492492675781 43
1755602579025 77.56861877441406 44
1755602579259 77.27670288085938 45
1755602579500 76.96022033691406 46
1755602579737 76.67803955078125 47
1755602579973 76.39867401123047 48
1755602580206 76.10689544677734 49
1755602580442 75.86417388916016 50
1755602580684 75.5744857788086 51
1755602580923 75.27677154541016 52
1755602581164 74.99053955078125 53
1755602581400 74.72675323486328 54
1755602581637 74.4458999633789 55
1755602581882 74.17245483398438 56
1755602582123 73.89359283447266 57
1755602582365 73.63002014160156 58
1755602582602 73.3592529296875 59
1755602582838 73.1123046875 60
1755602583077 72.8170394897461 61
1755602583314 72.56873321533203 62
1755602583555 72.2957992553711 63
1755602583789 72.03228759765625 64
1755602584039 71.776611328125 65
1755602584282 71.53319549560547 66
1755602584526 71.30690002441406 67
1755602584769 71.03218078613281 68
1755602585019 70.78662872314453 69
1755602585262 70.53795623779297 70
1755602585506 70.23873901367188 71
1755602585748 70.04969787597656 72
1755602585998 69.81314086914062 73
1755602586241 69.57247161865234 74
1755602586491 69.32705688476562 75
1755602586741 69.08997344970703 76
1755602586991 68.8691635131836 77
1755602587241 68.5805892944336 78
1755602587483 68.36823272705078 79
1755602587741 68.13555145263672 80
1755602587983 67.90335845947266 81
1755602588237 67.67698669433594 82
1755602588492 67.4656982421875 83
1755602588741 67.2601089477539 84
1755602589003 67.03128814697266 85
1755602589268 66.79374694824219 86
1755602589530 66.57125854492188 87
1755602589789 66.36385345458984 88
1755602590046 66.1302490234375 89
1755602590303 65.96116638183594 90
1755602590559 65.75448608398438 91
1755602590818 65.58194732666016 92
1755602591076 65.35292053222656 93
1755602591333 65.10490417480469 94
1755602591580 64.89892578125 95
1755602591845 64.7378921508789 96
1755602592101 64.469970703125 97
1755602592365 64.30408477783203 98
1755602592633 64.15931701660156 99
1755602569623 95.13119506835938 0
