1755602569644 12927.26953125 0
1755602569839 12373.8984375 1
1755602570040 12242.115234375 2
1755602570254 12135.8505859375 3
1755602570459 12063.857421875 4
1755602570661 11992.8095703125 5
1755602570865 11916.5986328125 6
1755602571068 11842.7490234375 7
1755602571275 11767.546875 8
1755602571491 11699.892578125 9
1755602571697 11626.00390625 10
1755602571900 11554.3330078125 11
1755602572102 11492.0595703125 12
1755602572312 11416.26953125 13
1755602572518 11346.4921875 14
1755602572723 11277.0263671875 15
1755602572928 11203.513671875 16
1755602573136 11143.7060546875 17
1755602573345 11068.1044921875 18
1755602573556 11004.94140625 19
1755602573762 10936.08203125 20
1755602573972 10874.05859375 21
1755602574180 10806.234375 22
1755602574393 10736.931640625 23
1755602574607 10670.77734375 24
1755602574820 10618.4677734375 25
1755602575025 10542.5185546875 26
1755602575238 10478.994140625 27
1755602575453 10415.3447265625 28
1755602575664 10349.94921875 29
1755602575890 10288.5791015625 30
1755602576109 10224.689453125 31
1755602576324 10162.326171875 32
1755602576547 10095.349609375 33
1755602576775 10037.244140625 34
1755602576991 9974.443359375 35
1755602577222 9911.353515625 36
1755602577449 9850.630859375 37
1755602577675 9793.8564453125 38
1755602577905 9735.693359375 39
1755602578134 9671.9716796875 40
1755602578361 9613.349609375 41
1755602578581 9550.462890625 42
1755602578820 9489.765625 43
1755602579046 9432.4287109375 44
1755602579282 9375.0673828125 45
1755602579525 9311.5712890625 46
1755602579760 9255.05078125 47
1755602579998 9196.7880859375 48
1755602580234 9138.310546875 49
1755602580469 9091.236328125 50
1755602580705 9033.5224609375 51
1755602580942 8974.5400390625 52
1755602581185 8914.8701171875 53
1755602581423 8861.931640625 54
1755602581664 8803.580078125 55
1755602581905 8750.951171875 56
1755602582151 8694.95703125 57
1755602582387 8640.59375 58
1755602582623 8584.9111328125 59
1755602582863 8537.3876953125 60
1755602583099 8479.173828125 61
1755602583338 8424.9208984375 62
1755602583578 8376.0791015625 63
1755602583819 8323.4931640625 64
1755602584064 8264.4619140625 65
1755602584303 8220.6064453125 66
1755602584547 8170.33251953125 67
1755602584789 8117.44921875 68
1755602585040 8067.4384765625 69
1755602585287 8015.69384765625 70
1755602585533 7960.04736328125 71
1755602585776 7916.22119140625 72
1755602586023 7870.8466796875 73
1755602586268 7826.86572265625 74
1755602586518 7770.32373046875 75
1755602586765 7722.8017578125 76
1755602587016 7675.970703125 77
1755602587267 7621.40478515625 78
1755602587515 7576.31005859375 79
1755602587767 7531.68994140625 80
1755602588014 7486.615234375 81
1755602588263 7436.89892578125 82
1755602588518 7395.93603515625 83
1755602588768 7353.1220703125 84
1755602589025 7308.48046875 85
1755602589298 7259.74169921875 86
1755602589556 7213.9013671875 87
1755602589818 7169.5595703125 88
1755602590076 7123.19775390625 89
1755602590323 7084.13037109375 90
1755602590585 7045.45751953125 91
1755602590838 7005.33349609375 92
1755602591101 6961.61962890625 93
1755602591358 6912.46484375 94
1755602591618 6870.84375 95
1755602591875 6837.677734375 96
1755602592136 6785.08349609375 97
1755602592397 6751.189453125 98
1755602592660 6719.14453125 99
1755602569644 12927.26953125 0
