1755602569665 113.69815063476562 0
1755602569859 111.23802947998047 1
1755602570066 110.64409637451172 2
1755602570276 110.16283416748047 3
1755602570479 109.8355941772461 4
1755602570681 109.51168823242188 5
1755602570880 109.16317749023438 6
1755602571088 108.82439422607422 7
1755602571296 108.47832489013672 8
1755602571515 108.1660385131836 9
1755602571716 107.8239517211914 10
1755602571921 107.49108123779297 11
1755602572123 107.2010269165039 12
1755602572333 106.8469467163086 13
1755602572539 106.51991271972656 14
1755602572741 106.19334411621094 15
1755602572951 105.84664916992188 16
1755602573161 105.56375122070312 17
1755602573365 105.20506286621094 18
1755602573577 104.9044418334961 19
1755602573782 104.57572174072266 20
1755602573991 104.27875518798828 21
1755602574202 103.95304107666016 22
1755602574415 103.6191635131836 23
1755602574622 103.29945373535156 24
1755602574838 103.04595184326172 25
1755602575047 102.67676544189453 26
1755602575260 102.36695861816406 27
1755602575474 102.05559539794922 28
1755602575692 101.73470306396484 29
1755602575907 101.43263244628906 30
1755602576131 101.11720275878906 31
1755602576345 100.80836486816406 32
1755602576567 100.47561645507812 33
1755602576797 100.18605041503906 34
1755602577019 99.87213134765625 35
1755602577244 99.55577850341797 36
1755602577471 99.2503433227539 37
1755602577697 98.96391296386719 38
1755602577928 98.66961669921875 39
1755602578157 98.34618377685547 40
1755602578383 98.04769134521484 41
1755602578611 97.72647094726562 42
1755602578838 97.4154281616211 43
1755602579067 97.12068939208984 44
1755602579303 96.8249282836914 45
1755602579546 96.4964828491211 46
1755602579782 96.20317077636719 47
1755602580022 95.89988708496094 48
1755602580257 95.59451293945312 49
1755602580491 95.34797668457031 50
1755602580730 95.04484558105469 51
1755602580972 94.73404693603516 52
1755602581209 94.41858673095703 53
1755602581442 94.13783264160156 54
1755602581685 93.827392578125 55
1755602581928 93.54651641845703 56
1755602582174 93.24674987792969 57
1755602582400 92.95479583740234 58
1755602582644 92.65479278564453 59
1755602582886 92.39798736572266 60
1755602583123 92.08242797851562 61
1755602583362 91.78736877441406 62
1755602583602 91.52091979980469 63
1755602583838 91.2331771850586 64
1755602584088 90.90908813476562 65
1755602584332 90.66755676269531 66
1755602584574 90.389892578125 67
1755602584819 90.09688568115234 68
1755602585069 89.81892395019531 69
1755602585312 89.53041076660156 70
1755602585557 89.21910095214844 71
1755602585801 88.97315216064453 72
1755602586046 88.71778869628906 73
1755602586296 88.46957397460938 74
1755602586539 88.1494369506836 75
1755602586791 87.87947082519531 76
1755602587039 87.61261749267578 77
1755602587291 87.3006591796875 78
1755602587539 87.04199981689453 79
1755602587791 86.78530883789062 80
1755602588039 86.52523040771484 81
1755602588288 86.23745727539062 82
1755602588539 85.99962615966797 83
1755602588797 85.75035095214844 84
1755602589054 85.48965454101562 85
1755602589323 85.20411682128906 86
1755602589582 84.9346923828125 87
1755602589839 84.67324829101562 88
1755602590101 84.39904022216797 89
1755602590354 84.16727447509766 90
1755602590608 83.93722534179688 91
1755602590865 83.69786834716797 92
1755602591122 83.43631744384766 93
1755602591384 83.1412353515625 94
1755602591645 82.89055633544922 95
1755602591902 82.69025421142578 96
1755602592165 82.37162017822266 97
1755602592423 82.16561889648438 98
1755602592684 81.97039031982422 99
1755602569665 113.69815063476562 0
