1752733185049 9832.8173828125 0
1752733201374 8658.92578125 1
1752733218164 7731.80810546875 2
1752733234943 6916.92626953125 3
1752733251979 6197.88037109375 4
1752733284540 5573.5224609375 5
1752733301308 5043.0810546875 6
1752733317963 4603.87548828125 7
1752733334639 4252.6591796875 8
1752733351332 3980.9755859375 9
1752733368285 3120.9287109375 10
1752733384172 2668.888671875 11
1752733400496 2333.874755859375 12
1752733417569 2061.947021484375 13
1752733433946 1824.9423828125 14
1752733450136 1634.882080078125 15
1752733467248 1479.83251953125 16
1752733484232 1343.493408203125 17
1752733501543 1231.85546875 18
1752733519455 1143.510009765625 19
1752733536377 1069.1619873046875 20
1752733553673 1014.5403442382812 21
1752733572425 968.15234375 22
1752733590803 924.70166015625 23
1752733607234 898.096923828125 24
1752733624236 870.6574096679688 25
1752733641507 844.706298828125 26
1752733658199 825.0686645507812 27
1752733674859 811.803955078125 28
1752733691797 793.8782958984375 29
1752733710193 780.6064453125 30
1752733726832 768.8676147460938 31
1752733743190 758.220458984375 32
1752733759603 740.7219848632812 33
1752733776145 734.6677856445312 34
1752733792676 721.4381103515625 35
1752733809011 716.3244018554688 36
1752733825796 713.6494750976562 37
1752733842677 697.4572143554688 38
1752733859435 684.1903076171875 39
1752733876070 687.7576904296875 40
1752733893164 672.1712646484375 41
1752733910174 670.3624267578125 42
1752733926889 660.9016723632812 43
1752733943604 665.7073364257812 44
1752733961619 633.9651489257812 45
1752733978493 633.8124389648438 46
1752733996086 627.4271240234375 47
1752734013833 626.0471801757812 48
1752734031166 605.628662109375 49
1752733185049 9832.8173828125 0
1752733185049 9832.8173828125 0
1752733185049 9832.8173828125 0
