1752733185049 80.69590759277344 0
1752733201374 74.33777618408203 1
1752733218164 69.36444091796875 2
1752733234943 65.01667785644531 3
1752733251979 61.21903610229492 4
1752733284540 57.97114562988281 5
1752733301308 55.23060607910156 6
1752733317963 53.0316162109375 7
1752733334639 51.3170280456543 8
1752733351332 50.03059768676758 9
1752733368285 39.20969772338867 10
1752733384172 34.68653869628906 11
1752733400496 31.729238510131836 12
1752733417569 29.468225479125977 13
1752733433946 27.42334747314453 14
1752733450136 25.89116859436035 15
1752733467248 24.600486755371094 16
1752733484232 23.355131149291992 17
1752733501543 22.375341415405273 18
1752733519455 21.587711334228516 19
1752733536377 20.844755172729492 20
1752733553673 20.39088249206543 21
1752733572425 20.033052444458008 22
1752733590803 19.608407974243164 23
1752733607234 19.4100284576416 24
1752733624236 19.127355575561523 25
1752733641507 18.842287063598633 26
1752733658199 18.66889762878418 27
1752733674859 18.527952194213867 28
1752733691797 18.386693954467773 29
1752733710193 18.243200302124023 30
1752733726832 18.140703201293945 31
1752733743190 18.034826278686523 32
1752733759603 17.872220993041992 33
1752733776145 17.811487197875977 34
1752733792676 17.70437240600586 35
1752733809011 17.582477569580078 36
1752733825796 17.581361770629883 37
1752733842677 17.362070083618164 38
1752733859435 17.259931564331055 39
1752733876070 17.256210327148438 40
1752733893164 17.183500289916992 41
1752733910174 17.055721282958984 42
1752733926889 16.96451759338379 43
1752733943604 17.051776885986328 44
1752733961619 16.664840698242188 45
1752733978493 16.635026931762695 46
1752733996086 16.535608291625977 47
1752734013833 16.517730712890625 48
1752734031166 16.198530197143555 49
1752733185049 80.69590759277344 0
1752733185049 80.69590759277344 0
1752733185049 80.69590759277344 0
