1752718170383 63683696.0 0
1752718176119 44432096.0 1
1752718181677 37271368.0 2
1752718187154 30264350.0 3
1752718192531 25681330.0 4
1752718198042 21660852.0 5
1752718203628 18290336.0 6
1752718209095 16491129.0 7
1752718214614 13253368.0 8
1752718220028 12430526.0 9
1752718225453 10417200.0 10
1752718230961 9780664.0 11
1752718237098 7634638.0 12
1752718242826 7645541.5 13
1752718248260 6518307.5 14
1752718253771 6082855.5 15
1752718259382 5227195.5 16
1752718264885 4767388.0 17
1752718270320 4590354.5 18
1752718275739 3754775.0 19
1752718281237 3345768.5 20
1752718286616 3182076.0 21
1752718292057 2782228.5 22
1752718297470 2854874.5 23
1752718302891 2367036.25 24
1752718308251 2262547.0 25
1752718314590 1835565.25 26
1752718320376 1980160.25 27
1752718326063 1510908.0 28
1752718331672 1442135.625 29
1752718337264 1226378.875 30
1752718342957 1187992.75 31
1752718348906 1025513.0625 32
1752718355121 837723.375 33
1752718361069 939352.4375 34
1752718366585 764327.25 35
1752718372241 632949.0 36
1752718377789 744215.0 37
1752718383531 630758.125 38
1752718389299 524417.5625 39
1752718394915 493312.90625 40
1752718400537 496820.40625 41
1752718406150 420202.84375 42
1752718416606 347192.40625 43
1752718422143 303929.625 44
1752718427749 340498.53125 45
1752718433282 326481.28125 46
1752718438990 233783.859375 47
1752718444586 250307.15625 48
1752718450186 204869.328125 49
1752718170383 63683696.0 0
