1752718170383 83.04280090332031 0
1752718176119 78.98027801513672 1
1752718181677 77.04534912109375 2
1752718187154 74.91232299804688 3
1752718192531 73.12894439697266 4
1752718198042 71.7669677734375 5
1752718203628 70.12235260009766 6
1752718209095 68.69107055664062 7
1752718214614 67.60245513916016 8
1752718220028 66.45196533203125 9
1752718225453 65.33543395996094 10
1752718230961 64.23265838623047 11
1752718237098 63.35894775390625 12
1752718242826 62.51615905761719 13
1752718248260 61.68093490600586 14
1752718253771 60.83107376098633 15
1752718259382 60.06642532348633 16
1752718264885 59.37373352050781 17
1752718270320 58.605167388916016 18
1752718275739 57.98481750488281 19
1752718281237 57.21240997314453 20
1752718286616 56.644203186035156 21
1752718292057 56.0989990234375 22
1752718297470 55.57778549194336 23
1752718302891 54.952606201171875 24
1752718308251 54.478179931640625 25
1752718314590 54.021202087402344 26
1752718320376 53.492305755615234 27
1752718326063 53.06411361694336 28
1752718331672 52.62980270385742 29
1752718337264 52.27934646606445 30
1752718342957 51.80721664428711 31
1752718348906 51.5175666809082 32
1752718355121 51.262451171875 33
1752718361069 50.855716705322266 34
1752718366585 50.583885192871094 35
1752718372241 50.298954010009766 36
1752718377789 50.118038177490234 37
1752718383531 49.77643966674805 38
1752718389299 49.55104064941406 39
1752718394915 49.35252380371094 40
1752718400537 49.19176483154297 41
1752718406150 48.965084075927734 42
1752718416606 48.83528518676758 43
1752718422143 48.61065673828125 44
1752718427749 48.59033203125 45
1752718433282 48.516273498535156 46
1752718438990 48.362979888916016 47
1752718444586 48.34092712402344 48
1752718450186 48.302894592285156 49
1752718170383 83.04280090332031 0
1752718467426 59.55607986450195 0
