1752718170383 10266.4248046875 0
1752718176119 9516.7080078125 1
1752718181677 9158.361328125 2
1752718187154 8764.3154296875 3
1752718192531 8434.9140625 4
1752718198042 8178.88037109375 5
1752718203628 7874.85791015625 6
1752718209095 7608.57421875 7
1752718214614 7402.1748046875 8
1752718220028 7187.22265625 9
1752718225453 6975.55029296875 10
1752718230961 6770.64208984375 11
1752718237098 6601.10791015625 12
1752718242826 6444.44677734375 13
1752718248260 6286.142578125 14
1752718253771 6122.90087890625 15
1752718259382 5975.04150390625 16
1752718264885 5841.06103515625 17
1752718270320 5699.0107421875 18
1752718275739 5576.99755859375 19
1752718281237 5430.56640625 20
1752718286616 5316.79345703125 21
1752718292057 5204.181640625 22
1752718297470 5107.8291015625 23
1752718302891 4981.07568359375 24
1752718308251 4892.07666015625 25
1752718314590 4799.88232421875 26
1752718320376 4701.1669921875 27
1752718326063 4602.61767578125 28
1752718331672 4520.05517578125 29
1752718337264 4449.17041015625 30
1752718342957 4358.75048828125 31
1752718348906 4284.24169921875 32
1752718355121 4225.95751953125 33
1752718361069 4153.8486328125 34
1752718366585 4098.41357421875 35
1752718372241 4033.96240234375 36
1752718377789 3982.93212890625 37
1752718383531 3917.16796875 38
1752718389299 3870.950439453125 39
1752718394915 3821.705322265625 40
1752718400537 3777.54150390625 41
1752718406150 3734.65625 42
1752718416606 3700.129638671875 43
1752718422143 3649.902099609375 44
1752718427749 3633.998779296875 45
1752718433282 3605.183837890625 46
1752718438990 3572.488525390625 47
1752718444586 3552.040283203125 48
1752718450186 3540.115234375 49
1752718170383 10266.4248046875 0
1752718467472 5673.873046875 0
