1755618658534 92.99132537841797 0
1755618658730 91.3237533569336 1
1755618658937 90.81663513183594 2
1755618659157 90.39558410644531 3
1755618659378 90.00572204589844 4
1755618659588 89.61321258544922 5
1755618659795 89.1834716796875 6
1755618660002 88.80970764160156 7
1755618660214 88.46586608886719 8
1755618660425 88.05895233154297 9
1755618660638 87.68067169189453 10
1755618660854 87.327880859375 11
1755618661070 86.9146499633789 12
1755618661277 86.58519744873047 13
1755618661493 86.19149780273438 14
1755618661710 85.81757354736328 15
1755618661924 85.4339828491211 16
1755618662138 85.11846923828125 17
1755618662352 84.73582458496094 18
1755618662570 84.35539245605469 19
1755618662788 83.98722076416016 20
1755618663008 83.67555236816406 21
1755618663225 83.32755279541016 22
1755618663436 82.95917510986328 23
1755618663659 82.58236694335938 24
1755618663877 82.26167297363281 25
1755618664101 81.87066650390625 26
1755618664323 81.57340240478516 27
1755618664541 81.18831634521484 28
1755618664769 80.87583923339844 29
1755618664993 80.52069854736328 30
1755618665226 80.16266632080078 31
1755618665452 79.86325073242188 32
1755618665682 79.4974136352539 33
1755618665910 79.19265747070312 34
1755618666138 78.84066009521484 35
1755618666370 78.52300262451172 36
1755618666603 78.1854019165039 37
1755618666832 77.87403106689453 38
1755618667068 77.51493072509766 39
1755618667306 77.2259750366211 40
1755618667541 76.92008209228516 41
1755618667777 76.61865234375 42
1755618668013 76.30400085449219 43
1755618668249 75.98246765136719 44
1755618668485 75.69563293457031 45
1755618668725 75.39127349853516 46
1755618668957 75.09888458251953 47
1755618669202 74.81009674072266 48
1755618669441 74.5370864868164 49
1755618669685 74.20700073242188 50
1755618669928 73.94348907470703 51
1755618670171 73.64238739013672 52
1755618670416 73.3884048461914 53
1755618670666 73.082275390625 54
1755618670914 72.81941223144531 55
1755618671163 72.48932647705078 56
1755618671414 72.21603393554688 57
1755618671666 71.93244934082031 58
1755618671911 71.68798828125 59
1755618672155 71.41385650634766 60
1755618672395 71.13692474365234 61
1755618672645 70.83271026611328 62
1755618672887 70.5516357421875 63
1755618673138 70.33575439453125 64
1755618673388 70.0358657836914 65
1755618673638 69.79601287841797 66
1755618673895 69.551513671875 67
1755618674150 69.22936248779297 68
1755618674409 68.96177673339844 69
1755618674667 68.74455261230469 70
1755618674918 68.48289489746094 71
1755618675173 68.23786926269531 72
1755618675430 68.0104751586914 73
1755618675687 67.73820495605469 74
1755618675946 67.47713470458984 75
1755618676207 67.26874542236328 76
1755618676464 66.97772216796875 77
1755618676721 66.71179962158203 78
1755618676975 66.40851593017578 79
1755618677233 66.27603149414062 80
1755618677492 65.99707794189453 81
1755618677751 65.8299789428711 82
1755618678011 65.54840087890625 83
1755618678277 65.37533569335938 84
1755618678541 65.07423400878906 85
1755618678805 64.86144256591797 86
1755618679067 64.65886688232422 87
1755618679332 64.4358901977539 88
1755618679596 64.19466400146484 89
1755618679861 64.01537322998047 90
1755618680137 63.77676773071289 91
1755618680409 63.58110809326172 92
1755618680672 63.325618743896484 93
1755618680936 63.122039794921875 94
1755618681208 62.97990036010742 95
1755618681477 62.69472122192383 96
1755618681749 62.5195426940918 97
1755618682020 62.34466552734375 98
1755618682298 62.13261032104492 99
1755618682574 61.91716003417969 100
1755618682847 61.65946578979492 101
1755618683116 61.480140686035156 102
1755618683395 61.2972297668457 103
1755618683673 61.05672073364258 104
1755618683946 60.91492462158203 105
1755618684215 60.706119537353516 106
1755618684492 60.47126007080078 107
1755618684770 60.359046936035156 108
1755618685048 60.14438247680664 109
1755618685325 60.01097106933594 110
1755618685608 59.86273193359375 111
1755618685895 59.6530647277832 112
1755618686179 59.499454498291016 113
1755618686456 59.31765365600586 114
1755618686735 59.135005950927734 115
1755618687027 58.90922927856445 116
1755618687308 58.77367401123047 117
1755618687591 58.609275817871094 118
1755618687873 58.443180084228516 119
1755618688158 58.333465576171875 120
1755618688475 58.161556243896484 121
1755618688808 57.960975646972656 122
1755618689149 57.78160095214844 123
1755618689486 57.7051887512207 124
1755618689797 57.636802673339844 125
1755618690132 57.45463180541992 126
1755618690467 57.231319427490234 127
1755618690775 57.093936920166016 128
1755618691072 56.85137939453125 129
1755618691370 56.847564697265625 130
1755618691667 56.69169616699219 131
1755618691956 56.500980377197266 132
1755618692260 56.43986129760742 133
1755618692552 56.287315368652344 134
1755618692848 56.11710739135742 135
1755618693144 55.932647705078125 136
1755618693435 55.83422088623047 137
1755618693727 55.736846923828125 138
1755618694074 55.61851119995117 139
1755618694373 55.431461334228516 140
1755618694668 55.27714538574219 141
1755618694967 55.26283264160156 142
1755618695266 55.18608856201172 143
1755618695584 55.00470733642578 144
1755618695887 54.96903610229492 145
1755618696193 54.77460861206055 146
1755618696492 54.713096618652344 147
1755618696797 54.59527587890625 148
1755618697105 54.43328857421875 149
1755618658534 92.99132537841797 0
