1755618658552 248295232.0 0
1755618658750 213690896.0 1
1755618658957 204375552.0 2
1755618659187 194882688.0 3
1755618659396 188111296.0 4
1755618659610 184632000.0 5
1755618659812 175800560.0 6
1755618660025 173763584.0 7
1755618660235 166904048.0 8
1755618660446 162334288.0 9
1755618660662 154695568.0 10
1755618660874 154040016.0 11
1755618661090 145416000.0 12
1755618661298 143321888.0 13
1755618661513 135207248.0 14
1755618661731 131311680.0 15
1755618661945 130085640.0 16
1755618662160 128130056.0 17
1755618662374 121280112.0 18
1755618662590 117792464.0 19
1755618662809 109835848.0 20
1755618663030 112446584.0 21
1755618663246 105801048.0 22
1755618663457 100386264.0 23
1755618663681 101303640.0 24
1755618663896 93934504.0 25
1755618664121 94966392.0 26
1755618664343 88444824.0 27
1755618664568 82103784.0 28
1755618664791 84418288.0 29
1755618665021 80757216.0 30
1755618665248 77731728.0 31
1755618665472 79354976.0 32
1755618665705 75338552.0 33
1755618665929 71068736.0 34
1755618666164 68310768.0 35
1755618666388 66762384.0 36
1755618666625 64139504.0 37
1755618666854 61525092.0 38
1755618667090 61248372.0 39
1755618667329 60693300.0 40
1755618667566 56304508.0 41
1755618667798 58133860.0 42
1755618668034 53552164.0 43
1755618668273 50839572.0 44
1755618668510 53073136.0 45
1755618668749 50466708.0 46
1755618668985 47474932.0 47
1755618669225 46366224.0 48
1755618669465 45380408.0 49
1755618669709 46837344.0 50
1755618669952 42355580.0 51
1755618670194 40291576.0 52
1755618670436 38862152.0 53
1755618670687 38697220.0 54
1755618670939 37801712.0 55
1755618671187 35117244.0 56
1755618671436 33854164.0 57
1755618671687 32653476.0 58
1755618671935 32532108.0 59
1755618672181 34172088.0 60
1755618672425 30993778.0 61
1755618672671 28126884.0 62
1755618672917 30543280.0 63
1755618673164 28827250.0 64
1755618673415 27165738.0 65
1755618673667 26054834.0 66
1755618673922 26611376.0 67
1755618674177 23190392.0 68
1755618674434 24240730.0 69
1755618674687 22404512.0 70
1755618674936 20126314.0 71
1755618675194 20370574.0 72
1755618675456 22368678.0 73
1755618675713 19084724.0 74
1755618675975 19512564.0 75
1755618676232 18570440.0 76
1755618676485 17816486.0 77
1755618676746 18635882.0 78
1755618677000 16668428.0 79
1755618677249 18078694.0 80
1755618677512 15962959.0 81
1755618677776 17256608.0 82
1755618678033 15318670.0 83
1755618678298 13867829.0 84
1755618678568 14706613.0 85
1755618678832 15589627.0 86
1755618679089 11997162.0 87
1755618679356 13453347.0 88
1755618679624 13343827.0 89
1755618679888 12469476.0 90
1755618680168 11653752.0 91
1755618680436 11804949.0 92
1755618680700 11413701.0 93
1755618680968 11224089.0 94
1755618681234 10563519.0 95
1755618681504 10197335.0 96
1755618681775 8882457.0 97
1755618682047 9389895.0 98
1755618682325 8576449.0 99
1755618682603 9250531.0 100
1755618682873 8552605.0 101
1755618683149 8343305.0 102
1755618683426 7879544.5 103
1755618683701 7012816.0 104
1755618683973 7622030.0 105
1755618684245 6431264.5 106
1755618684522 7069086.5 107
1755618684797 6959643.0 108
1755618685075 6853018.0 109
1755618685353 6600180.5 110
1755618685636 6158982.0 111
1755618685924 6240520.5 112
1755618686207 6528628.5 113
1755618686485 5750235.5 114
1755618686767 5616124.0 115
1755618687054 5159304.0 116
1755618687335 5497741.5 117
1755618687616 4777559.5 118
1755618687904 5294039.5 119
1755618688186 4527986.5 120
1755618688509 4978081.0 121
1755618688840 4600065.0 122
1755618689182 4251899.0 123
1755618689518 4682361.5 124
1755618689831 4003249.75 125
1755618690166 3623999.75 126
1755618690499 3425259.0 127
1755618690797 3737683.0 128
1755618691096 3801763.25 129
1755618691394 3572309.25 130
1755618691693 3517893.25 131
1755618691985 3227107.0 132
1755618692290 3499337.5 133
1755618692583 3179574.0 134
1755618692880 3114460.75 135
1755618693172 3424457.0 136
1755618693466 2781367.5 137
1755618693770 2901673.5 138
1755618694109 2301044.25 139
1755618694402 3024391.75 140
1755618694693 2397927.75 141
1755618694997 2554768.75 142
1755618695297 2728526.0 143
1755618695613 2081570.625 144
1755618695915 2057409.125 145
1755618696226 2155252.75 146
1755618696525 2441588.25 147
1755618696827 1884800.125 148
1755618697136 2125569.0 149
1755618658552 248295232.0 0
