1755618658587 12643.3642578125 0
1755618658791 12311.5712890625 1
1755618659002 12211.34765625 2
1755618659231 12126.380859375 3
1755618659441 12049.501953125 4
1755618659651 11972.2119140625 5
1755618659857 11885.435546875 6
1755618660065 11811.8515625 7
1755618660277 11745.26171875 8
1755618660486 11662.361328125 9
1755618660706 11585.853515625 10
1755618660916 11516.5458984375 11
1755618661133 11436.3505859375 12
1755618661340 11369.345703125 13
1755618661555 11290.853515625 14
1755618661773 11216.9326171875 15
1755618661986 11141.830078125 16
1755618662203 11078.1103515625 17
1755618662416 11002.6884765625 18
1755618662632 10926.9013671875 19
1755618662854 10852.7880859375 20
1755618663069 10790.2744140625 21
1755618663284 10720.0986328125 22
1755618663506 10647.822265625 23
1755618663725 10572.751953125 24
1755618663946 10507.1591796875 25
1755618664168 10431.7509765625 26
1755618664388 10367.59375 27
1755618664613 10293.95703125 28
1755618664832 10229.11328125 29
1755618665066 10159.580078125 30
1755618665293 10090.3828125 31
1755618665521 10028.306640625 32
1755618665749 9958.7255859375 33
1755618665978 9897.9052734375 34
1755618666210 9822.8388671875 35
1755618666436 9762.1904296875 36
1755618666672 9691.93359375 37
1755618666906 9633.8935546875 38
1755618667138 9558.5810546875 39
1755618667374 9501.7421875 40
1755618667612 9440.9853515625 41
1755618667848 9376.4072265625 42
1755618668085 9315.076171875 43
1755618668322 9253.6669921875 44
1755618668555 9193.259765625 45
1755618668791 9135.8076171875 46
1755618669033 9072.716796875 47
1755618669272 9019.5185546875 48
1755618669513 8959.26171875 49
1755618669756 8896.41015625 50
1755618670000 8842.3125 51
1755618670243 8781.7890625 52
1755618670488 8728.421875 53
1755618670735 8670.4072265625 54
1755618670985 8617.0341796875 55
1755618671235 8551.1142578125 56
1755618671485 8496.67578125 57
1755618671735 8433.8505859375 58
1755618671985 8390.2412109375 59
1755618672229 8331.787109375 60
1755618672474 8274.19921875 61
1755618672717 8215.392578125 62
1755618672966 8162.490234375 63
1755618673215 8112.9677734375 64
1755618673466 8054.00537109375 65
1755618673717 8002.21875 66
1755618673971 7954.8251953125 67
1755618674227 7894.71142578125 68
1755618674485 7837.904296875 69
1755618674742 7789.01904296875 70
1755618674992 7742.11083984375 71
1755618675250 7685.82763671875 72
1755618675508 7646.94970703125 73
1755618675765 7590.04541015625 74
1755618676029 7537.71240234375 75
1755618676284 7490.369140625 76
1755618676541 7430.57421875 77
1755618676797 7387.08837890625 78
1755618677052 7322.5517578125 79
1755618677310 7293.03271484375 80
1755618677570 7240.89013671875 81
1755618677831 7202.26708984375 82
1755618678089 7149.638671875 83
1755618678353 7103.47998046875 84
1755618678617 7050.5048828125 85
1755618678885 7008.0751953125 86
1755618679146 6960.67724609375 87
1755618679411 6915.9755859375 88
1755618679672 6869.91259765625 89
1755618679936 6832.42333984375 90
1755618680214 6781.3876953125 91
1755618680485 6744.82666015625 92
1755618680753 6686.8349609375 93
1755618681021 6644.55419921875 94
1755618681289 6612.63232421875 95
1755618681555 6560.6318359375 96
1755618681829 6523.9326171875 97
1755618682103 6483.41552734375 98
1755618682373 6446.19140625 99
1755618682658 6396.279296875 100
1755618682930 6348.275390625 101
1755618683204 6313.53271484375 102
1755618683477 6273.02197265625 103
1755618683755 6221.15673828125 104
1755618684026 6187.02685546875 105
1755618684297 6149.724609375 106
1755618684575 6108.99365234375 107
1755618684853 6075.50439453125 108
1755618685130 6035.20703125 109
1755618685411 6008.138671875 110
1755618685693 5967.30859375 111
1755618685977 5934.890625 112
1755618686265 5894.09716796875 113
1755618686540 5861.64208984375 114
1755618686818 5824.48291015625 115
1755618687113 5780.5068359375 116
1755618687394 5747.21875 117
1755618687673 5717.4326171875 118
1755618687956 5681.4404296875 119
1755618688242 5653.50390625 120
1755618688577 5623.0966796875 121
1755618688910 5580.013671875 122
1755618689248 5545.87890625 123
1755618689584 5522.46923828125 124
1755618689903 5500.0400390625 125
1755618690232 5460.2802734375 126
1755618690563 5427.36572265625 127
1755618690863 5397.310546875 128
1755618691157 5354.3955078125 129
1755618691456 5339.52099609375 130
1755618691755 5311.6630859375 131
1755618692048 5269.24609375 132
1755618692349 5253.22705078125 133
1755618692644 5216.58837890625 134
1755618692935 5186.69873046875 135
1755618693233 5150.07470703125 136
1755618693526 5132.04345703125 137
1755618693832 5104.55419921875 138
1755618694168 5078.6923828125 139
1755618694456 5037.05859375 140
1755618694755 5013.8828125 141
1755618695054 4996.9833984375 142
1755618695363 4975.96435546875 143
1755618695672 4947.1259765625 144
1755618695977 4935.60009765625 145
1755618696286 4894.037109375 146
1755618696586 4886.890625 147
1755618696887 4853.4140625 148
1755618697193 4825.53857421875 149
1755618658587 12643.3642578125 0
