1755618658569 93.67971801757812 0
1755618658770 92.0127182006836 1
1755618658981 91.50567626953125 2
1755618659212 91.08429718017578 3
1755618659420 90.69448852539062 4
1755618659630 90.30229949951172 5
1755618659832 89.87242126464844 6
1755618660045 89.49861145019531 7
1755618660256 89.15423583984375 8
1755618660468 88.74793243408203 9
1755618660685 88.36924743652344 10
1755618660896 88.01676177978516 11
1755618661113 87.60338592529297 12
1755618661322 87.27433776855469 13
1755618661534 86.88009643554688 14
1755618661753 86.50605010986328 15
1755618661968 86.12263488769531 16
1755618662181 85.80708312988281 17
1755618662395 85.42446899414062 18
1755618662615 85.04420471191406 19
1755618662831 84.67623901367188 20
1755618663051 84.36421966552734 21
1755618663267 84.01664733886719 22
1755618663485 83.6471176147461 23
1755618663703 83.271484375 24
1755618663924 82.95061492919922 25
1755618664145 82.5594482421875 26
1755618664367 82.26287841796875 27
1755618664590 81.87686157226562 28
1755618664812 81.5645523071289 29
1755618665041 81.20917510986328 30
1755618665270 80.8517837524414 31
1755618665496 80.5522232055664 32
1755618665727 80.18607330322266 33
1755618665957 79.88147735595703 34
1755618666187 79.52973937988281 35
1755618666415 79.2117919921875 36
1755618666648 78.87427520751953 37
1755618666882 78.56298828125 38
1755618667115 78.20408630371094 39
1755618667352 77.914794921875 40
1755618667589 77.60914611816406 41
1755618667825 77.30789947509766 42
1755618668062 76.99302673339844 43
1755618668291 76.67124938964844 44
1755618668533 76.38484191894531 45
1755618668773 76.07978057861328 46
1755618669011 75.7880859375 47
1755618669249 75.49877166748047 48
1755618669486 75.22615814208984 49
1755618669733 74.89595794677734 50
1755618669975 74.6324691772461 51
1755618670216 74.33168029785156 52
1755618670466 74.07754516601562 53
1755618670714 73.77134704589844 54
1755618670957 73.50828552246094 55
1755618671211 73.1783218383789 56
1755618671464 72.90499877929688 57
1755618671714 72.62067413330078 58
1755618671957 72.37689208984375 59
1755618672205 72.10256958007812 60
1755618672449 71.82588195800781 61
1755618672694 71.5216064453125 62
1755618672936 71.240478515625 63
1755618673187 71.02489471435547 64
1755618673436 70.72471618652344 65
1755618673687 70.48466491699219 66
1755618673948 70.24009704589844 67
1755618674203 69.91814422607422 68
1755618674457 69.65060424804688 69
1755618674714 69.43362426757812 70
1755618674968 69.17153930664062 71
1755618675224 68.92692565917969 72
1755618675478 68.69982147216797 73
1755618675735 68.42667388916016 74
1755618676002 68.16588592529297 75
1755618676255 67.95783233642578 76
1755618676512 67.6665267944336 77
1755618676773 67.39989471435547 78
1755618677027 67.09721374511719 79
1755618677286 66.9651107788086 80
1755618677541 66.68640899658203 81
1755618677805 66.51807403564453 82
1755618678064 66.23733520507812 83
1755618678331 66.06388092041016 84
1755618678589 65.76292419433594 85
1755618678853 65.55050659179688 86
1755618679116 65.34772491455078 87
1755618679384 65.12442016601562 88
1755618679650 64.88388061523438 89
1755618679914 64.70384216308594 90
1755618680193 64.46586608886719 91
1755618680457 64.27027893066406 92
1755618680726 64.01385498046875 93
1755618680992 63.81064224243164 94
1755618681255 63.66872787475586 95
1755618681531 63.38371276855469 96
1755618681798 63.20793151855469 97
1755618682075 63.03386306762695 98
1755618682351 62.8212776184082 99
1755618682631 62.60639953613281 100
1755618682902 62.34843444824219 101
1755618683173 62.169158935546875 102
1755618683455 61.98640823364258 103
1755618683728 61.74607467651367 104
1755618684000 61.60361099243164 105
1755618684272 61.39463424682617 106
1755618684547 61.159725189208984 107
1755618684825 61.04798126220703 108
1755618685104 60.83287811279297 109
1755618685382 60.69978332519531 110
1755618685663 60.55183792114258 111
1755618685953 60.34180450439453 112
1755618686234 60.18806838989258 113
1755618686512 60.00617980957031 114
1755618686791 59.82339859008789 115
1755618687084 59.598106384277344 116
1755618687365 59.46274185180664 117
1755618687648 59.29854965209961 118
1755618687931 59.13204574584961 119
1755618688213 59.02191925048828 120
1755618688543 58.84982681274414 121
1755618688875 58.6496467590332 122
1755618689215 58.47007751464844 123
1755618689550 58.39439010620117 124
1755618689867 58.32571029663086 125
1755618690198 58.14371109008789 126
1755618690531 57.920047760009766 127
1755618690833 57.78324890136719 128
1755618691130 57.540122985839844 129
1755618691428 57.536563873291016 130
1755618691726 57.381103515625 131
1755618692019 57.189231872558594 132
1755618692317 57.12911605834961 133
1755618692613 56.97676467895508 134
1755618692909 56.80514144897461 135
1755618693203 56.62116622924805 136
1755618693495 56.522525787353516 137
1755618693797 56.425479888916016 138
1755618694137 56.307098388671875 139
1755618694431 56.12006759643555 140
1755618694727 55.96556091308594 141
1755618695027 55.95148468017578 142
1755618695331 55.87518310546875 143
1755618695637 55.693607330322266 144
1755618695948 55.657798767089844 145
1755618696255 55.4634895324707 146
1755618696554 55.40172576904297 147
1755618696853 55.284488677978516 148
1755618697165 55.12156295776367 149
1755618658569 93.67971801757812 0
