1755618658607 112.44271850585938 0
1755618658812 110.95751953125 1
1755618659022 110.50496673583984 2
1755618659252 110.1198501586914 3
1755618659457 109.77022552490234 4
1755618659671 109.4176025390625 5
1755618659874 109.02034759521484 6
1755618660087 108.68234252929688 7
1755618660298 108.37555694580078 8
1755618660510 107.99241638183594 9
1755618660728 107.63760375976562 10
1755618660937 107.31517028808594 11
1755618661152 106.94087219238281 12
1755618661364 106.62713623046875 13
1755618661576 106.25843048095703 14
1755618661793 105.91001892089844 15
1755618662011 105.55487060546875 16
1755618662225 105.25260162353516 17
1755618662436 104.8936996459961 18
1755618662652 104.53182220458984 19
1755618662877 104.17671203613281 20
1755618663090 103.8762435913086 21
1755618663310 103.53791046142578 22
1755618663528 103.18828582763672 23
1755618663747 102.82389068603516 24
1755618663968 102.50443267822266 25
1755618664187 102.13594055175781 26
1755618664412 101.82138061523438 27
1755618664634 101.45913696289062 28
1755618664854 101.13907623291016 29
1755618665090 100.79473876953125 30
1755618665312 100.45089721679688 31
1755618665541 100.14143371582031 32
1755618665772 99.79341125488281 33
1755618666004 99.48822021484375 34
1755618666233 99.11023712158203 35
1755618666457 98.80379486083984 36
1755618666694 98.44761657714844 37
1755618666928 98.15239715576172 38
1755618667162 97.76799774169922 39
1755618667395 97.47688293457031 40
1755618667635 97.16473388671875 41
1755618667872 96.83184814453125 42
1755618668107 96.51464080810547 43
1755618668340 96.19598388671875 44
1755618668575 95.88148498535156 45
1755618668820 95.5814208984375 46
1755618669055 95.25080871582031 47
1755618669291 94.97114562988281 48
1755618669533 94.65337371826172 49
1755618669777 94.32078552246094 50
1755618670024 94.0335693359375 51
1755618670267 93.71119689941406 52
1755618670516 93.426025390625 53
1755618670764 93.11502075195312 54
1755618671014 92.8279800415039 55
1755618671256 92.47223663330078 56
1755618671513 92.17741394042969 57
1755618671765 91.83599853515625 58
1755618672009 91.59825897216797 59
1755618672253 91.27862548828125 60
1755618672499 90.9626235961914 61
1755618672744 90.63880157470703 62
1755618672989 90.34650421142578 63
1755618673235 90.07201385498047 64
1755618673492 89.74411010742188 65
1755618673742 89.45512390136719 66
1755618673992 89.18982696533203 67
1755618674252 88.85218811035156 68
1755618674512 88.53193664550781 69
1755618674767 88.25541687011719 70
1755618675018 87.98926544189453 71
1755618675274 87.66885375976562 72
1755618675533 87.44683837890625 73
1755618675790 87.12086486816406 74
1755618676054 86.81999969482422 75
1755618676309 86.54692077636719 76
1755618676567 86.20077514648438 77
1755618676820 85.94817352294922 78
1755618677078 85.57190704345703 79
1755618677333 85.39925384521484 80
1755618677596 85.09342193603516 81
1755618677853 84.86617279052734 82
1755618678117 84.55553436279297 83
1755618678384 84.28214263916016 84
1755618678648 83.96728515625 85
1755618678911 83.71424865722656 86
1755618679172 83.43067169189453 87
1755618679436 83.16234588623047 88
1755618679703 82.88493347167969 89
1755618679967 82.65847778320312 90
1755618680246 82.34918212890625 91
1755618680512 82.12689208984375 92
1755618680776 81.7730712890625 93
1755618681047 81.5141372680664 94
1755618681316 81.3180923461914 95
1755618681585 80.99772644042969 96
1755618681857 80.77086639404297 97
1755618682129 80.51966094970703 98
1755618682406 80.28817749023438 99
1755618682685 79.97674560546875 100
1755618682956 79.67606353759766 101
1755618683232 79.4577407836914 102
1755618683510 79.20240783691406 103
1755618683776 78.87431335449219 104
1755618684054 78.65765380859375 105
1755618684327 78.42018127441406 106
1755618684603 78.16004943847656 107
1755618684881 77.94551849365234 108
1755618685158 77.68659210205078 109
1755618685440 77.5121841430664 110
1755618685721 77.24835968017578 111
1755618686010 77.03823852539062 112
1755618686291 76.77302551269531 113
1755618686569 76.56136322021484 114
1755618686851 76.31829833984375 115
1755618687141 76.02964782714844 116
1755618687422 75.81040954589844 117
1755618687707 75.61370849609375 118
1755618687985 75.37532806396484 119
1755618688269 75.18978881835938 120
1755618688609 74.98731231689453 121
1755618688945 74.6994857788086 122
1755618689281 74.47065734863281 123
1755618689616 74.31331634521484 124
1755618689935 74.1622543334961 125
1755618690264 73.89370727539062 126
1755618690594 73.670654296875 127
1755618690888 73.46639251708984 128
1755618691186 73.17373657226562 129
1755618691485 73.07202911376953 130
1755618691783 72.88115692138672 131
1755618692074 72.58956909179688 132
1755618692373 72.4791488647461 133
1755618692672 72.2259521484375 134
1755618692970 72.01873779296875 135
1755618693255 71.76402282714844 136
1755618693558 71.6382827758789 137
1755618693866 71.44615936279297 138
1755618694193 71.26494598388672 139
1755618694491 70.97223663330078 140
1755618694787 70.80877685546875 141
1755618695087 70.68934631347656 142
1755618695394 70.54051208496094 143
1755618695704 70.33580780029297 144
1755618696009 70.25382995605469 145
1755618696316 69.9573974609375 146
1755618696614 69.90629577636719 147
1755618696915 69.66645050048828 148
1755618697225 69.46609497070312 149
1755618658607 112.44271850585938 0
