1755087567494 89.24158477783203 0
1755087567704 84.6221694946289 1
1755087567920 82.78618621826172 2
1755087568145 81.8145980834961 3
1755087568361 80.93400573730469 4
1755087568580 80.32855224609375 5
1755087568790 79.65081024169922 6
1755087568995 79.12310791015625 7
1755087569203 78.5403823852539 8
1755087569410 77.9451675415039 9
1755087569621 77.37303924560547 10
1755087569827 76.85641479492188 11
1755087570037 76.29300689697266 12
1755087570248 75.77517700195312 13
1755087570459 75.1754379272461 14
1755087570670 74.72706604003906 15
1755087570883 74.20357513427734 16
1755087571094 73.69499969482422 17
1755087571309 73.16094970703125 18
1755087571523 72.67864227294922 19
1755087571738 72.20355224609375 20
1755087571954 71.71957397460938 21
1755087572171 71.1615982055664 22
1755087572389 70.74540710449219 23
1755087572611 70.25977325439453 24
1755087572831 69.79679107666016 25
1755087573054 69.31665802001953 26
1755087573294 68.857177734375 27
1755087573514 68.43889617919922 28
1755087573740 68.007080078125 29
1755087573966 67.49809265136719 30
1755087574195 67.07939910888672 31
1755087574425 66.67507934570312 32
1755087574660 66.22767639160156 33
1755087574892 65.81958770751953 34
1755087575121 65.42127990722656 35
1755087575356 64.986572265625 36
1755087575590 64.65181732177734 37
1755087575824 64.21015930175781 38
1755087576059 63.801273345947266 39
1755087576299 63.47135925292969 40
1755087576538 63.067378997802734 41
1755087576777 62.73197937011719 42
1755087577021 62.31855773925781 43
1755087577264 61.94995880126953 44
1755087577506 61.55144119262695 45
1755087577745 61.23897933959961 46
1755087577984 60.8482666015625 47
1755087578226 60.51968002319336 48
1755087578467 60.17424011230469 49
1755087578707 59.813743591308594 50
1755087578951 59.453617095947266 51
1755087579225 59.17383575439453 52
1755087579489 58.830078125 53
1755087579730 58.53472137451172 54
1755087579971 58.188079833984375 55
1755087580213 57.88136672973633 56
1755087580455 57.591514587402344 57
1755087580700 57.261043548583984 58
1755087580944 56.980865478515625 59
1755087581188 56.661075592041016 60
1755087581439 56.42176818847656 61
1755087581688 56.12767791748047 62
1755087581936 55.82099151611328 63
1755087582186 55.548004150390625 64
1755087582435 55.31562042236328 65
1755087582679 55.04281997680664 66
1755087582928 54.78101348876953 67
1755087583176 54.522430419921875 68
1755087583426 54.31749725341797 69
1755087583678 54.07286834716797 70
1755087583928 53.83660125732422 71
1755087584180 53.602725982666016 72
1755087584434 53.38105392456055 73
1755087584687 53.1783332824707 74
1755087584937 52.968589782714844 75
1755087585190 52.754085540771484 76
1755087585446 52.54331588745117 77
1755087585704 52.34188461303711 78
1755087585957 52.15651321411133 79
1755087586214 51.9801139831543 80
1755087586471 51.78252029418945 81
1755087586730 51.6065559387207 82
1755087586987 51.46331024169922 83
1755087587245 51.297054290771484 84
1755087587504 51.133819580078125 85
1755087587762 50.97683334350586 86
1755087588026 50.8317985534668 87
1755087588283 50.684906005859375 88
1755087588545 50.552188873291016 89
1755087588807 50.435203552246094 90
1755087589068 50.29780197143555 91
1755087589351 50.17299270629883 92
1755087589614 50.07560729980469 93
1755087589875 49.95659255981445 94
1755087590145 49.84894561767578 95
1755087590425 49.74625778198242 96
1755087590688 49.64314651489258 97
1755087590952 49.56650161743164 98
1755087591219 49.47767639160156 99
1755087567494 89.24158477783203 0
