1755087567514 145697840.0 0
1755087567726 98017064.0 1
1755087567942 84110680.0 2
1755087568166 76634616.0 3
1755087568383 71520704.0 4
1755087568601 67212232.0 5
1755087568810 63405352.0 6
1755087569015 59990872.0 7
1755087569225 56738860.0 8
1755087569431 53719500.0 9
1755087569641 50956024.0 10
1755087569848 48319772.0 11
1755087570058 45788124.0 12
1755087570269 43421256.0 13
1755087570480 41233444.0 14
1755087570691 39151336.0 15
1755087570904 37159712.0 16
1755087571115 35260696.0 17
1755087571331 33446594.0 18
1755087571544 31744438.0 19
1755087571759 30103744.0 20
1755087571974 28554268.0 21
1755087572193 27125174.0 22
1755087572412 25749026.0 23
1755087572634 24445766.0 24
1755087572854 23210126.0 25
1755087573074 22019148.0 26
1755087573316 20896662.0 27
1755087573537 19824168.0 28
1755087573762 18793208.0 29
1755087573990 17838218.0 30
1755087574218 16946468.0 31
1755087574448 16081206.0 32
1755087574683 15262305.0 33
1755087574915 14482630.0 34
1755087575144 13750942.0 35
1755087575379 13072260.0 36
1755087575613 12410445.0 37
1755087575847 11787174.0 38
1755087576082 11212477.0 39
1755087576322 10658744.0 40
1755087576561 10119454.0 41
1755087576802 9603288.0 42
1755087577045 9115215.0 43
1755087577288 8653751.0 44
1755087577530 8220967.0 45
1755087577769 7798239.0 46
1755087578008 7402418.5 47
1755087578252 7022971.0 48
1755087578491 6661751.0 49
1755087578732 6320320.5 50
1755087578975 6004000.5 51
1755087579262 5696228.0 52
1755087579513 5403186.0 53
1755087579755 5125402.5 54
1755087579995 4858678.0 55
1755087580237 4606803.5 56
1755087580480 4366394.5 57
1755087580724 4135567.0 58
1755087580968 3921909.5 59
1755087581215 3720407.5 60
1755087581463 3529759.75 61
1755087581712 3344946.25 62
1755087581961 3174096.0 63
1755087582211 3011537.5 64
1755087582459 2854535.25 65
1755087582705 2706562.75 66
1755087582953 2566152.25 67
1755087583203 2435868.0 68
1755087583453 2311567.0 69
1755087583703 2193224.25 70
1755087583953 2081369.375 71
1755087584206 1975661.875 72
1755087584459 1875037.75 73
1755087584712 1778937.0 74
1755087584962 1686291.625 75
1755087585216 1598281.5 76
1755087585472 1516144.125 77
1755087585729 1438852.125 78
1755087585984 1365350.875 79
1755087586239 1294708.375 80
1755087586498 1229392.5 81
1755087586756 1168035.375 82
1755087587012 1108885.5 83
1755087587273 1051665.75 84
1755087587531 997742.875 85
1755087587788 946621.9375 86
1755087588052 898434.0625 87
1755087588311 851533.5625 88
1755087588571 807686.5 89
1755087588832 766624.3125 90
1755087589095 727694.9375 91
1755087589378 691409.5 92
1755087589640 656184.3125 93
1755087589901 622747.375 94
1755087590171 591166.5625 95
1755087590451 561073.4375 96
1755087590714 532818.25 97
1755087590979 505616.78125 98
1755087591245 479505.84375 99
1755087567514 145697840.0 0
