1755087567555 11739.857421875 0
1755087567769 10863.0849609375 1
1755087567991 10513.8984375 2
1755087568209 10329.1513671875 3
1755087568427 10161.7900390625 4
1755087568646 10046.3251953125 5
1755087568851 9917.3544921875 6
1755087569058 9816.1533203125 7
1755087569267 9704.857421875 8
1755087569473 9591.453125 9
1755087569682 9481.9111328125 10
1755087569892 9383.3603515625 11
1755087570100 9275.4091796875 12
1755087570311 9176.2177734375 13
1755087570522 9061.998046875 14
1755087570733 8975.4111328125 15
1755087570947 8875.1943359375 16
1755087571158 8777.990234375 17
1755087571373 8675.11328125 18
1755087571588 8582.9140625 19
1755087571803 8491.22265625 20
1755087572017 8398.10546875 21
1755087572237 8291.033203125 22
1755087572457 8210.4697265625 23
1755087572678 8117.09716796875 24
1755087572898 8027.5029296875 25
1755087573120 7935.15625 26
1755087573359 7846.2626953125 27
1755087573581 7765.2470703125 28
1755087573808 7681.908203125 29
1755087574035 7583.22900390625 30
1755087574265 7502.0810546875 31
1755087574492 7423.49951171875 32
1755087574729 7336.1552734375 33
1755087574962 7257.18505859375 34
1755087575192 7180.0234375 35
1755087575426 7094.93359375 36
1755087575661 7029.75244140625 37
1755087575893 6943.89697265625 38
1755087576130 6863.80712890625 39
1755087576370 6799.0927734375 40
1755087576609 6719.90576171875 41
1755087576853 6654.13720703125 42
1755087577091 6573.64453125 43
1755087577337 6500.82275390625 44
1755087577578 6423.0302734375 45
1755087577817 6361.14404296875 46
1755087578056 6284.65869140625 47
1755087578299 6219.41162109375 48
1755087578538 6151.40966796875 49
1755087578782 6079.53369140625 50
1755087579027 6008.3076171875 51
1755087579318 5953.04248046875 52
1755087579561 5884.44287109375 53
1755087579802 5825.44921875 54
1755087580044 5756.7919921875 55
1755087580285 5695.28466796875 56
1755087580528 5637.23095703125 57
1755087580774 5571.12060546875 58
1755087581018 5515.02734375 59
1755087581266 5450.9794921875 60
1755087581513 5402.22119140625 61
1755087581762 5342.7109375 62
1755087582011 5280.37939453125 63
1755087582260 5225.46728515625 64
1755087582507 5177.99267578125 65
1755087582755 5122.39306640625 66
1755087583003 5069.13525390625 67
1755087583252 5016.43310546875 68
1755087583502 4973.7724609375 69
1755087583752 4923.8154296875 70
1755087584003 4874.77197265625 71
1755087584257 4826.76318359375 72
1755087584509 4780.42041015625 73
1755087584762 4738.14453125 74
1755087585012 4694.37744140625 75
1755087585267 4648.9287109375 76
1755087585525 4604.75732421875 77
1755087585780 4562.2607421875 78
1755087586035 4522.64404296875 79
1755087586291 4484.8681640625 80
1755087586548 4442.796875 81
1755087586808 4404.58935546875 82
1755087587064 4373.3564453125 83
1755087587324 4337.1767578125 84
1755087587582 4301.09814453125 85
1755087587840 4266.8447265625 86
1755087588103 4234.17578125 87
1755087588361 4201.92724609375 88
1755087588622 4171.29248046875 89
1755087588885 4144.36279296875 90
1755087589146 4112.98974609375 91
1755087589432 4084.15576171875 92
1755087589693 4060.69580078125 93
1755087589954 4032.723388671875 94
1755087590239 4006.827880859375 95
1755087590503 3982.03369140625 96
1755087590767 3956.335205078125 97
1755087591032 3937.16552734375 98
1755087591298 3914.0107421875 99
1755087567555 11739.857421875 0
