1755087567534 89.93072509765625 0
1755087567747 85.31055450439453 1
1755087567967 83.47471618652344 2
1755087568188 82.50323486328125 3
1755087568405 81.6227035522461 4
1755087568624 81.0169448852539 5
1755087568831 80.33906555175781 6
1755087569037 79.81173706054688 7
1755087569246 79.228759765625 8
1755087569452 78.63365936279297 9
1755087569662 78.0617904663086 10
1755087569870 77.54511260986328 11
1755087570079 76.9815444946289 12
1755087570291 76.46382141113281 13
1755087570501 75.86431121826172 14
1755087570713 75.41534423828125 15
1755087570925 74.89213562011719 16
1755087571137 74.38370513916016 17
1755087571353 73.84925079345703 18
1755087571566 73.36701965332031 19
1755087571781 72.89242553710938 20
1755087571996 72.40798950195312 21
1755087572215 71.84982299804688 22
1755087572435 71.4341812133789 23
1755087572655 70.94832611083984 24
1755087572876 70.48509216308594 25
1755087573096 70.0054931640625 26
1755087573337 69.54573822021484 27
1755087573559 69.12721252441406 28
1755087573785 68.69572448730469 29
1755087574012 68.186767578125 30
1755087574242 67.7676773071289 31
1755087574469 67.36392211914062 32
1755087574705 66.91642761230469 33
1755087574938 66.50797271728516 34
1755087575168 66.10979461669922 35
1755087575403 65.67538452148438 36
1755087575637 65.34012603759766 37
1755087575870 64.89876556396484 38
1755087576106 64.48989868164062 39
1755087576346 64.15975189208984 40
1755087576585 63.75587844848633 41
1755087576828 63.420562744140625 42
1755087577069 63.00689697265625 43
1755087577313 62.63840866088867 44
1755087577554 62.24033737182617 45
1755087577793 61.92733383178711 46
1755087578032 61.53670883178711 47
1755087578275 61.20839309692383 48
1755087578514 60.862545013427734 49
1755087578758 60.50215530395508 50
1755087579001 60.14238739013672 51
1755087579294 59.86223220825195 52
1755087579537 59.51835250854492 53
1755087579778 59.22356033325195 54
1755087580019 58.87654113769531 55
1755087580261 58.569759368896484 56
1755087580504 58.28041076660156 57
1755087580749 57.9496955871582 58
1755087580994 57.669185638427734 59
1755087581241 57.349586486816406 60
1755087581488 57.1103515625 61
1755087581737 56.81624984741211 62
1755087581987 56.50965881347656 63
1755087582236 56.23688507080078 64
1755087582483 56.004127502441406 65
1755087582730 55.73113250732422 66
1755087582977 55.46974563598633 67
1755087583227 55.21105194091797 68
1755087583478 55.00596618652344 69
1755087583728 54.76179885864258 70
1755087583977 54.52503204345703 71
1755087584232 54.29110336303711 72
1755087584483 54.06984329223633 73
1755087584737 53.86687088012695 74
1755087584987 53.656982421875 75
1755087585240 53.44263458251953 76
1755087585499 53.23200607299805 77
1755087585754 53.03036117553711 78
1755087586009 52.84507369995117 79
1755087586265 52.66878128051758 80
1755087586523 52.47077178955078 81
1755087586781 52.294891357421875 82
1755087587038 52.15196228027344 83
1755087587298 51.985382080078125 84
1755087587556 51.8221549987793 85
1755087587814 51.66545867919922 86
1755087588077 51.52030563354492 87
1755087588336 51.373207092285156 88
1755087588597 51.2410774230957 89
1755087588858 51.123573303222656 90
1755087589121 50.98634338378906 91
1755087589405 50.86164855957031 92
1755087589667 50.763919830322266 93
1755087589928 50.645023345947266 94
1755087590200 50.53761291503906 95
1755087590477 50.43463897705078 96
1755087590740 50.33137893676758 97
1755087591006 50.25507354736328 98
1755087591272 50.16615676879883 99
1755087567534 89.93072509765625 0
