1755087567576 108.35062408447266 0
1755087567791 104.22612762451172 1
1755087568013 102.53730010986328 2
1755087568231 101.63243103027344 3
1755087568448 100.80570220947266 4
1755087568669 100.23136138916016 5
1755087568872 99.5859146118164 6
1755087569079 99.07649993896484 7
1755087569288 98.51323699951172 8
1755087569494 97.93596649169922 9
1755087569702 97.37510681152344 10
1755087569912 96.86774444580078 11
1755087570121 96.30892944335938 12
1755087570332 95.7925796508789 13
1755087570543 95.19452667236328 14
1755087570754 94.7386474609375 15
1755087570967 94.208251953125 16
1755087571180 93.69092559814453 17
1755087571395 93.14028930664062 18
1755087571609 92.6440200805664 19
1755087571824 92.1478271484375 20
1755087572040 91.64117431640625 21
1755087572259 91.05510711669922 22
1755087572480 90.61164093017578 23
1755087572700 90.09493255615234 24
1755087572920 89.5963363647461 25
1755087573141 89.0794906616211 26
1755087573381 88.57913208007812 27
1755087573603 88.12063598632812 28
1755087573830 87.64649200439453 29
1755087574058 87.08173370361328 30
1755087574289 86.61455535888672 31
1755087574516 86.15972900390625 32
1755087574752 85.65135955810547 33
1755087574984 85.1891098022461 34
1755087575216 84.73501586914062 35
1755087575450 84.23143005371094 36
1755087575683 83.84362030029297 37
1755087575916 83.33004760742188 38
1755087576155 82.84809875488281 39
1755087576394 82.45661163330078 40
1755087576633 81.97502899169922 41
1755087576877 81.5728988647461 42
1755087577115 81.07801818847656 43
1755087577360 80.62767791748047 44
1755087577601 80.14380645751953 45
1755087577841 79.75678253173828 46
1755087578081 79.27584075927734 47
1755087578323 78.86324310302734 48
1755087578563 78.43092346191406 49
1755087578806 77.97136688232422 50
1755087579052 77.51327514648438 51
1755087579343 77.15596008300781 52
1755087579584 76.71012115478516 53
1755087579827 76.32463073730469 54
1755087580068 75.87352752685547 55
1755087580309 75.46710968017578 56
1755087580552 75.08149719238281 57
1755087580797 74.63993835449219 58
1755087581043 74.26322937011719 59
1755087581290 73.83074951171875 60
1755087581538 73.49980163574219 61
1755087581787 73.0938491821289 62
1755087582036 72.66622161865234 63
1755087582284 72.28739166259766 64
1755087582532 71.95826721191406 65
1755087582780 71.57089233398438 66
1755087583027 71.19786071777344 67
1755087583277 70.8267822265625 68
1755087583528 70.52497863769531 69
1755087583778 70.16990661621094 70
1755087584029 69.81956481933594 71
1755087584283 69.47490692138672 72
1755087584535 69.14058685302734 73
1755087584787 68.83418273925781 74
1755087585038 68.5155258178711 75
1755087585294 68.18305206298828 76
1755087585549 67.85836029052734 77
1755087585806 67.54450988769531 78
1755087586060 67.25060272216797 79
1755087586316 66.96916198730469 80
1755087586574 66.65431213378906 81
1755087586833 66.36708068847656 82
1755087587090 66.13135528564453 83
1755087587350 65.85724639892578 84
1755087587609 65.58275604248047 85
1755087587868 65.32109069824219 86
1755087588129 65.07054138183594 87
1755087588386 64.82227325439453 88
1755087588649 64.58554077148438 89
1755087588912 64.37672424316406 90
1755087589171 64.1325912475586 91
1755087589459 63.90739822387695 92
1755087589719 63.72359085083008 93
1755087589980 63.503726959228516 94
1755087590269 63.29951095581055 95
1755087590530 63.103355407714844 96
1755087590794 62.89940643310547 97
1755087591059 62.7468376159668 98
1755087591323 62.56205368041992 99
1755087567576 108.35062408447266 0
