1752723931852 1.0284665822982788 0
1752723931952 1.0284665822982788 0
1752723932303 1.0285353660583496 1
1752723932400 1.0285353660583496 1
1752723932709 1.0202021598815918 2
1752723932811 1.0202021598815918 2
1752723933128 1.027787446975708 3
1752723933224 1.027787446975708 3
1752723933523 1.0266841650009155 4
1752723933618 1.0266841650009155 4
1752723933917 1.0161964893341064 5
1752723934015 1.0161964893341064 5
1752723934316 1.0208649635314941 6
1752723934415 1.0208649635314941 6
1752723934735 1.0198708772659302 7
1752723934830 1.0198708772659302 7
1752723935137 1.0171246528625488 8
1752723935232 1.0171246528625488 8
1752723935533 1.0181820392608643 9
1752723935629 1.0181820392608643 9
1752723931852 1.0284665822982788 0
1752723931952 1.0284665822982788 0
1752723931852 1.0284665822982788 0
1752723931952 1.0284665822982788 0
1752723931852 1.0284665822982788 0
1752723931952 1.0284665822982788 0
