1752723931881 0.8101675510406494 0
1752723931952 0.8101675510406494 0
1752723932333 0.810616135597229 1
1752723932400 0.810616135597229 1
1752723932739 0.8066670298576355 2
1752723932811 0.8066670298576355 2
1752723933156 0.8091610670089722 3
1752723933224 0.8091610670089722 3
1752723933551 0.8103545904159546 4
1752723933618 0.8103545904159546 4
1752723933945 0.8057239055633545 5
1752723934015 0.8057239055633545 5
1752723934345 0.8083529472351074 6
1752723934415 0.8083529472351074 6
1752723934763 0.8057926893234253 7
1752723934830 0.8057926893234253 7
1752723935165 0.8057482242584229 8
1752723935232 0.8057482242584229 8
1752723935562 0.8063523173332214 9
1752723935629 0.8063523173332214 9
1752723931881 0.8101675510406494 0
1752723931952 0.8101675510406494 0
1752723931881 0.8101675510406494 0
1752723931952 0.8101675510406494 0
1752723931881 0.8101675510406494 0
1752723931952 0.8101675510406494 0
