1752723958793 1.0293649435043335 0
1752723958888 1.0293649435043335 0
1752723959313 1.022558569908142 1
1752723959412 1.022558569908142 1
1752723959786 1.0218939781188965 2
1752723959880 1.0218939781188965 2
1752723960268 1.0221301317214966 3
1752723960376 1.0221301317214966 3
1752723960818 1.0229500532150269 4
1752723960923 1.0229500532150269 4
1752723961332 1.0222694873809814 5
1752723961437 1.0222694873809814 5
1752723961861 1.0211522579193115 6
1752723961962 1.0211522579193115 6
1752723962376 1.020650029182434 7
1752723962480 1.020650029182434 7
1752723962877 1.0222554206848145 8
1752723962975 1.0222554206848145 8
1752723963353 1.024804711341858 9
1752723963449 1.024804711341858 9
1752723958793 1.0293649435043335 0
1752723958888 1.0293649435043335 0
1752723958793 1.0293649435043335 0
1752723958888 1.0293649435043335 0
1752723958793 1.0293649435043335 0
1752723958888 1.0293649435043335 0
