1752723958822 0.8095194101333618 0
1752723958888 0.8095194101333618 0
1752723959341 0.8079468607902527 1
1752723959412 0.8079468607902527 1
1752723959813 0.8073168992996216 2
1752723959880 0.8073168992996216 2
1752723960299 0.806855320930481 3
1752723960376 0.806855320930481 3
1752723960849 0.8071569800376892 4
1752723960923 0.8071569800376892 4
1752723961362 0.8066866993904114 5
1752723961437 0.8066866993904114 5
1752723961891 0.8068163394927979 6
1752723961962 0.8068163394927979 6
1752723962408 0.8065202832221985 7
1752723962480 0.8065202832221985 7
1752723962905 0.8071901202201843 8
1752723962975 0.8071901202201843 8
1752723963381 0.8081120252609253 9
1752723963449 0.8081120252609253 9
1752723958822 0.8095194101333618 0
1752723958888 0.8095194101333618 0
1752723958822 0.8095194101333618 0
1752723958888 0.8095194101333618 0
1752723958822 0.8095194101333618 0
1752723958888 0.8095194101333618 0
